   Rotamer making statitics:
   Residue   Start  Clean   Swap Rotate   Self  Hbond Repack  Ioni.   TorH     OH  Elect
   ASPA0010      1      1      1      1      1      1      1      3      5      8      5
   GLNA0011      1      1      2      2      2      2      2      2      2      2      2
   GLNA0012      1      1      2      2      2      2      2      2      2      2      2
   TYRA0013      1      1      1      1      1      1      1      2      3      3      3
   GLUA0014      1      1      1      1      1      1      1      3      5      5      5
   CYSA0015      1      1      1      1      1      1      1      2      4      4      4
   VALA0016      1      1      1      1      1      1      1      1      1      1      1
   ALAA0017      1      1      1      1      1      1      1      1      1      1      1
   GLUA0018      1      1      1      1      1      1      1      3      5      5      5
   ILEA0019      1      1      1      1      1      1      1      1      1      1      1
   GLYA0020      0      0      0      0      0      0      0      0      0      0      0
   GLUA0021      1      1      1      1      1      1      1      3      5      5      5
   GLYA0022      0      0      0      0      0      0      0      0      0      0      0
   ALAA0023      1      1      1      1      1      1      1      1      1      1      1
   TYRA0024      1      1      1      1      1      1      1      2      3      3      3
   GLYA0025      0      0      0      0      0      0      0      0      0      0      0
   LYSA0026      1      1      1      1      1      1      1      2      2      2      2
   VALA0027      1      1      1      1      1      1      1      1      1      1      1
   PHEA0028      1      1      1      1      1      1      1      1      1      1      1
   LYSA0029      1      1      1      1      1      1      1      2      2      2      2
   ALAA0030      1      1      1      1      1      1      1      1      1      1      1
   ARGA0031      1      1      1      1      1      1      1      4      4      4      4
   ASPA0032      1      1      1      1      1      2      1      3      5      5      5
   LEUA0033      1      1      1      1      1      1      1      1      1      1      1
   LYSA0034      1      1      1      1      1      1      1      2      2      2      2
   ASNA0035      1      1      2      2      2      2      2      2      2      2      2
   GLYA0036      0      0      0      0      0      0      0      0      0      0      0
   GLYA0037      0      0      0      0      0      0      0      0      0      0      0
   ARGA0038      1      1      1      1      1      1      1      4      5      5      5
   PHEA0039      1      1      1      1      1      1      1      1      1      1      1
   VALA0040      1      1      1      1      1      1      1      1      1      1      1
   ALAA0041      1      1      1      1      1      1      1      1      1      1      1
   LEUA0042      1      1      1      1      1      1      1      1      1      1      1
   LYSA0043      1      1      1      1      1      1      1      2      2      2      2
   ARGA0044      1      1      1      1      1      1      1      4      4      4      4
   VALA0045      1      1      1      1      1      1      1      1      1      1      1
   ARGA0046      1      1      1      1      1      1      1      4      4      4      4
   PROA0055      1      1      1      1      1      1      1      1      1      1      1
   LEUA0056      1      1      1      1      1      1      1      1      1      1      1
   SERA0057      1      1      1      1      1      1      1      1      2      2      2
   THRA0058      1      1      1      1      1      1      1      1      1      1      1
   ILEA0059      1      1      1      1      1      1      1      1      1      1      1
   ARGA0060      1      1      1      1      1      1      1      4      4      4      4
   GLUA0061      1      1      1      1      1      1      1      3      5      5      5
   VALA0062      1      1      1      1      1      1      1      1      1      1      1
   ALAA0063      1      1      1      1      1      1      1      1      1      1      1
   VALA0064      1      1      1      1      1      1      1      1      1      1      1
   LEUA0065      1      1      1      1      1      1      1      1      1      1      1
   ARGA0066      1      1      1      1      1      1      1      4      4      4      4
   HISA0067      1      1      2      2      2      2      2      6      6      6      6
   LEUA0068      1      1      1      1      1      1      1      1      1      1      1
   GLUA0069      1      1      1      1      1      1      1      3      5      5      5
   THRA0070      1      1      1      1      1      1      1      1      2      2      2
   PHEA0071      1      1      1      1      1      1      1      1      1      1      1
   GLUA0072      1      1      1      1      1      1      1      3      5      5      5
   HISA0073      1      1      2      2      1      1      1      3      3      3      3
   PROA0074      1      1      1      1      1      1      1      1      1      1      1
   ASNA0075      1      1      2      2      2      2      2      2      2      2      2
   VALA0076      1      1      1      1      1      1      1      1      1      1      1
   VALA0077      1      1      1      1      1      1      1      1      1      1      1
   ARGA0078      1      1      1      1      1      1      1      4      6      6      6
   LEUA0079      1      1      1      1      1      1      1      1      1      1      1
   PHEA0080      1      1      1      1      1      1      1      1      1      1      1
   ASPA0081      1      1      1      1      1      1      1      3      5      5      5
   VALA0082      1      1      1      1      1      1      1      1      1      1      1
   CYSA0083      1      1      1      1      1      1      1      2      4      4      4
   THRA0084      1      1      1      1      1      1      1      1      2      2      2
   LYSA0093      1      1      1      1      1      1      1      2      2      2      2
   LEUA0094      1      1      1      1      1      1      1      1      1      1      1
   THRA0095      1      1      1      1      1      1      1      1      2      2      2
   LEUA0096      1      1      1      1      1      1      1      1      1      1      1
   VALA0097      1      1      1      1      1      1      1      1      1      1      1
   PHEA0098      1      1      1      1      1      1      1      1      1      1      1
   GLUA0099      1      1      1      1      1      1      1      3      5      5      5
   HISA0100      1      1      2      2      2      2      2      6      6      6      6
   VALA0101      1      1      1      1      1      1      1      1      1      1      1
   ASPA0102      1      1      1      1      1      1      1      3      5      5      5
   GLNA0103      1      1      2      2      2      2      2      2      2      2      2
   ASPA0104      1      1      1      1      1      1      1      3      5      5      5
   LEUA0105      1      1      1      1      1      1      1      1      1      1      1
   THRA0106      1      1      1      1      1      1      1      1      1      1      1
   THRA0107      1      1      1      1      1      1      1      1      2      2      2
   TYRA0108      1      1      1      1      1      1      1      2      3      3      3
   LEUA0109      1      1      1      1      1      1      1      1      1      1      1
   ASPA0110      1      1      1      1      1      1      1      3      5      5      5
   LYSA0111      1      1      1      1      1      1      1      2      2      2      2
   VALA0112      1      1      1      1      1      1      1      1      1      1      1
   PROA0113      1      1      1      1      1      1      1      1      1      1      1
   GLUA0114      1      1      1      1      1      2      1      3      5      5      5
   PROA0115      1      1      1      1      1      1      1      1      1      1      1
   GLYA0116      0      0      0      0      0      0      0      0      0      0      0
   VALA0117      1      1      1      1      1      1      1      1      1      1      1
   PROA0118      1      1      1      1      1      1      1      1      1      1      1
   THRA0119      1      1      1      1      1      1      1      1      2      2      2
   GLUA0120      1      1      1      1      1      1      1      3      5      5      5
   THRA0121      1      1      1      1      1      1      1      1      2      2      1
   ILEA0122      1      1      1      1      1      1      1      1      1      1      1
   LYSA0123      1      1      1      1      1      2      1      2      2      2      2
   ASPA0124      1      1      1      1      1      1      1      3      5      5      5
   META0125      1      1      1      1      1      1      1      1      1      1      1
   META0126      1      1      1      1      1      1      1      1      1      1      1
   PHEA0127      1      1      1      1      1      1      1      1      1      1      1
   GLNA0128      1      1      2      2      2      3      2      2      2      2      2
   LEUA0129      1      1      1      1      1      1      1      1      1      1      1
   LEUA0130      1      1      1      1      1      1      1      1      1      1      1
   ARGA0131      1      1      1      1      1      1      1      4      4      4      4
   GLYA0132      0      0      0      0      0      0      0      0      0      0      0
   LEUA0133      1      1      1      1      1      1      1      1      1      1      1
   ASPA0134      1      1      1      1      1      1      1      3      5      5      5
   PHEA0135      1      1      1      1      1      1      1      1      1      1      1
   LEUA0136      1      1      1      1      1      1      1      1      1      1      1
   HISA0137      1      1      2      2      2      3      1      3      3      3      3
   SERA0138      1      1      1      1      1      1      1      1      3      3      3
   HISA0139      1      1      2      2      2      2      2      6      6      6      6
   ARGA0140      1      1      1      1      1      1      1      4      4      4      4
   VALA0141      1      1      1      1      1      1      1      1      1      1      1
   VALA0142      1      1      1      1      1      1      1      1      1      1      1
   HISA0143      1      1      2      2      1      1      1      3      3      3      3
   ARGA0144      1      1      1      1      1      1      1      4      4      4      4
   ASPA0145      1      1      1      1      1      2      1      3      5      5      5
   LEUA0146      1      1      1      1      1      1      1      1      1      1      1
   LYSA0147      1      1      1      1      1      1      1      2      2      2      2
   PROA0148      1      1      1      1      1      1      1      1      1      1      1
   GLNA0149      1      1      2      2      2      2      2      2      2      2      2
   ASNA0150      1      1      2      2      2      2      2      2      2      2      2
   ILEA0151      1      1      1      1      1      1      1      1      1      1      1
   LEUA0152      1      1      1      1      1      1      1      1      1      1      1
   VALA0153      1      1      1      1      1      1      1      1      1      1      1
   THRA0154      1      1      1      1      1      2      1      1      2      2      2
   SERA0155      1      1      1      1      1      1      1      1      2      2      2
   SERA0156      1      1      1      1      1      1      1      1      1      1      1
   GLYA0157      0      0      0      0      0      0      0      0      0      0      0
   GLNA0158      1      1      2      2      2      2      2      2      2      2      2
   ILEA0159      1      1      1      1      1      1      1      1      1      1      1
   LYSA0160      1      1      1      1      1      1      1      2      2      2      2
   LEUA0161      1      1      1      1      1      1      1      1      1      1      1
   ALAA0162      1      1      1      1      1      1      1      1      1      1      1
   ASPA0163      1      1      1      1      1      1      1      3      5      5      5
   PHEA0164      1      1      1      1      1      1      1      1      1      1      1
   GLYA0165      0      0      0      0      0      0      0      0      0      0      0
   LEUA0166      1      1      1      1      1      1      1      1      1      1      1
   VALA0181      1      1      1      1      1      1      1      1      1      1      1
   THRA0182      1      1      1      1      1      1      1      1      2      2      2
   LEUA0183      1      1      1      1      1      1      1      1      1      1      1
   TRPA0184      1      1      1      1      1      1      1      1      1      1      1
   TYRA0185      1      1      1      1      1      2      1      2      3      3      3
   ARGA0186      1      1      1      1      1      1      1      4      6      6      6
   ALAA0187      1      1      1      1      1      1      1      1      1      1      1
   PROA0188      1      1      1      1      1      1      1      1      1      1      1
   GLUA0189      1      1      1      1      1      2      1      3      5      5      5
   VALA0190      1      1      1      1      1      1      1      1      1      1      1
   LEUA0191      1      1      1      1      1      1      1      1      1      1      1
   LEUA0192      1      1      1      1      1      1      1      1      1      1      1
   GLNA0193      1      1      2      2      2      2      2      2      2      2      2
   SERA0194      1      1      1      1      1      1      1      1      2      2      2
   SERA0195      1      1      1      1      1      1      1      1      2      2      2
   TYRA0196      1      1      1      1      1      1      1      2      3      3      2
   ALAA0197      1      1      1      1      1      1      1      1      1      1      1
   THRA0198      1      1      1      1      1      1      1      1      2      2      1
   PROA0199      1      1      1      1      1      1      1      1      1      1      1
   VALA0200      1      1      1      1      1      1      1      1      1      1      1
   ASPA0201      1      1      1      1      1      2      1      3      5      5      5
   LEUA0202      1      1      1      1      1      1      1      1      1      1      1
   TRPA0203      1      1      1      1      1      1      1      1      1      1      1
   SERA0204      1      1      1      1      1      1      1      1      2      2      2
   VALA0205      1      1      1      1      1      1      1      1      1      1      1
   GLYA0206      0      0      0      0      0      0      0      0      0      0      0
   CYSA0207      1      1      1      1      1      1      1      2      4      4      4
   ILEA0208      1      1      1      1      1      1      1      1      1      1      1
   PHEA0209      1      1      1      1      1      1      1      1      1      1      1
   ALAA0210      1      1      1      1      1      1      1      1      1      1      1
   GLUA0211      1      1      1      1      1      2      2      6     10     10     10
   META0212      1      1      1      1      1      1      1      1      1      1      1
   PHEA0213      1      1      1      1      1      1      1      1      1      1      1
   ARGA0214      1      1      1      1      1      1      1      4      4      4      4
   ARGA0215      1      1      1      1      1      1      1      4      6      6      6
   LYSA0216      1      1      1      1      1      1      1      2      2      2      2
   PROA0217      1      1      1      1      1      1      1      1      1      1      1
   LEUA0218      1      1      1      1      1      1      1      1      1      1      1
   PHEA0219      1      1      1      1      1      1      1      1      1      1      1
   ARGA0220      1      1      1      1      1      1      1      4      4      4      4
   GLYA0221      0      0      0      0      0      0      0      0      0      0      0
   SERA0222      1      1      1      1      1      1      1      1      3      3      3
   SERA0223      1      1      1      1      1      1      1      1      2      2      2
   ASPA0224      1      1      1      1      1      1      1      3      5      5      5
   VALA0225      1      1      1      1      1      1      1      1      1      1      1
   ASPA0226      1      1      1      1      1      2      2      6     10     10     10
   GLNA0227      1      1      2      2      2      2      2      2      2      2      2
   LEUA0228      1      1      1      1      1      1      1      1      1      1      1
   GLYA0229      0      0      0      0      0      0      0      0      0      0      0
   LYSA0230      1      1      1      1      1      1      1      2      2      2      2
   ILEA0231      1      1      1      1      1      1      1      1      1      1      1
   LEUA0232      1      1      1      1      1      1      1      1      1      1      1
   ASPA0233      1      1      1      1      1      1      1      3      5      5      5
   VALA0234      1      1      1      1      1      1      1      1      1      1      1
   ILEA0235      1      1      1      1      1      1      1      1      1      1      1
   GLYA0236      0      0      0      0      0      0      0      0      0      0      0
   LEUA0237      1      1      1      1      1      1      1      1      1      1      1
   PROA0238      1      1      1      1      1      1      1      1      1      1      1
   GLYA0239      0      0      0      0      0      0      0      0      0      0      0
   GLUA0240      1      1      1      1      1      2      1      3      5      5      5
   GLUA0241      1      1      1      1      1      1      1      3      5      5      5
   ASPA0242      1      1      1      1      1      2      1      3      5      5      5
   TRPA0243      1      1      1      1      1      1      1      1      1      1      1
   PROA0244      1      1      1      1      1      1      1      1      1      1      1
   ARGA0245      1      1      1      1      1      1      1      4      4      4      4
   ASPA0246      1      1      1      1      1      1      1      3      5      5      5
   VALA0247      1      1      1      1      1      1      1      1      1      1      1
   ALAA0248      1      1      1      1      1      1      1      1      1      1      1
   LEUA0249      1      1      1      1      1      1      1      1      1      1      1
   PROA0250      1      1      1      1      1      1      1      1      1      1      1
   ARGA0251      1      1      1      1      1      1      1      4      5      5      5
   GLNA0252      1      1      2      2      2      4      3      3      3      3      3
   ALAA0253      1      1      1      1      1      1      1      1      1      1      1
   PHEA0254      1      1      1      1      1      1      1      1      1      1      1
   LYSA0257      1      1      1      1      1      1      1      2      2      2      2
   SERA0258      1      1      1      1      1      1      1      1      2      2      2
   ALAA0259      1      1      1      1      1      1      1      1      1      1      1
   GLNA0260      1      1      2      2      2      4      2      2      2      2      2
   PROA0261      1      1      1      1      1      1      1      1      1      1      1
   ILEA0262      1      1      1      1      1      1      1      1      1      1      1
   GLUA0263      1      1      1      1      1      2      1      3      5      5      5
   LYSA0264      1      1      1      1      1      2      1      2      2      2      2
   PHEA0265      1      1      1      1      1      1      1      1      1      1      1
   VALA0266      1      1      1      1      1      1      1      1      1      1      1
   THRA0267      1      1      1      1      1      1      1      1      2      2      2
   ASPA0268      1      1      1      1      1      1      1      3      5      5      5
   ILEA0269      1      1      1      1      1      1      1      1      1      1      1
   ASPA0270      1      1      1      1      1      1      1      3      5      5      5
   GLUA0271      1      1      1      1      1      1      1      3      5      5      5
   LEUA0272      1      1      1      1      1      1      1      1      1      1      1
   GLYA0273      0      0      0      0      0      0      0      0      0      0      0
   LYSA0274      1      1      1      1      1      1      1      2      2      2      2
   ASPA0275      1      1      1      1      1      3      1      3      5      5      5
   LEUA0276      1      1      1      1      1      1      1      1      1      1      1
   LEUA0277      1      1      1      1      1      1      1      1      1      1      1
   LEUA0278      1      1      1      1      1      1      1      1      1      1      1
   LYSA0279      1      1      1      1      1      1      1      2      2      2      2
   CYSA0280      1      1      1      1      1      1      1      2      4      4      4
   LEUA0281      1      1      1      1      1      1      1      1      1      1      1
   THRA0282      1      1      1      1      1      1      1      1      2      2      2
   PHEA0283      1      1      1      1      1      1      1      1      1      1      1
   ASNA0284      1      1      2      2      2      4      2      2      2      2      2
   PROA0285      1      1      1      1      1      1      1      1      1      1      1
   ALAA0286      1      1      1      1      1      1      1      1      1      1      1
   LYSA0287      1      1      1      1      1      2      1      2      2      2      2
   ARGA0288      1      1      1      1      1      1      1      4      6      6      6
   ILEA0289      1      1      1      1      1      1      1      1      1      1      1
   SERA0290      1      1      1      1      1      1      1      1      2      2      2
   ALAA0291      1      1      1      1      1      1      1      1      1      1      1
   TYRA0292      1      1      1      1      1      1      1      2      3      3      2
   SERA0293      1      1      1      1      1      2      2      2      3      3      3
   ALAA0294      1      1      1      1      1      1      1      1      1      1      1
   LEUA0295      1      1      1      1      1      1      1      1      1      1      1
   SERA0296      1      1      1      1      1      1      1      1      2      2      2
   HISA0297      1      1      2      2      2      4      1      3      3      3      3
   PROA0298      1      1      1      1      1      1      1      1      1      1      1
   TYRA0299      1      1      1      1      1      1      1      2      2      2      2
   PHEA0300      1      1      1      1      1      1      1      1      1      1      1
   GLNA0301      1      1      2      2      2      2      2      2      2      2      2
   LQQA0900      1      1      1      1      1      1      1      2      2      2      2
   Total       246    246    268    268    266    294    268    439    560    563    556
