   Rotamer making statitics:
   Residue   Start  Clean   Swap Rotate   Self  Hbond Repack  Ioni.   TorH     OH  Elect
   ASNA1093      1      1      2      2      2      2      2      2      2      2      2
   PROA1094      1      1      1      1      1      1      1      1      1      1      1
   ASNA1095      1      1      2      2      2      2      2      2      2      2      2
   TYRA1096      1      1      1      1      1      1      1      2      2      2      2
   CYSA1097      1      1      1      1      1      1      1      2      4      4      4
   PHEA1098      1      1      1      1      1      1      1      1      1      1      1
   ALAA1099      1      1      1      1      1      1      1      1      1      1      1
   GLYA1100      0      0      0      0      0      0      0      0      0      0      0
   LYSA1101      1      1      1      1      1      1      1      2      2      2      2
   THRA1102      1      1      1      1      1      1      1      1      2      2      2
   SERA1103      1      1      1      1      1      1      1      1      1      1      1
   SERA1104      1      1      1      1      1      1      1      1      2      2      2
   ILEA1105      1      1      1      1      1      1      1      1      1      1      1
   SERA1106      1      1      1      1      1      1      1      1      1      1      1
   ASPA1107      1      1      1      1      1      1      1      3      5      5      5
   LEUA1108      1      1      1      1      1      1      1      1      1      1      1
   LYSA1109      1      1      1      1      1      1      1      2      2      2      2
   GLUA1110      1      1      1      1      1      1      1      3      5      5      5
   VALA1111      1      1      1      1      1      1      1      1      1      1      1
   PROA1112      1      1      1      1      1      1      1      1      1      1      1
   ARGA1113      1      1      1      1      1      1      1      4      4      4      4
   LYSA1114      1      1      1      1      1      1      1      2      2      2      2
   ASNA1115      1      1      2      2      2      2      1      1      1      1      1
   ILEA1116      1      1      1      1      1      1      1      1      1      1      1
   THRA1117      1      1      1      1      1      1      1      1      2      2      1
   LEUA1118      1      1      1      1      1      1      1      1      1      1      1
   ILEA1119      1      1      1      1      1      1      1      1      1      1      1
   ARGA1120      1      1      1      1      1      1      1      4      5      5      5
   GLYA1121      0      0      0      0      0      0      0      0      0      0      0
   LEUA1122      1      1      1      1      1      1      1      1      1      1      1
   GLYA1123      0      0      0      0      0      0      0      0      0      0      0
   HISA1124      1      1      2      2      2      2      2      6      6      6      6
   GLYA1125      0      0      0      0      0      0      0      0      0      0      0
   ALAA1126      1      1      1      1      1      1      1      1      1      1      1
   PHEA1127      1      1      1      1      1      1      1      1      1      1      1
   GLYA1128      0      0      0      0      0      0      0      0      0      0      0
   GLUA1129      1      1      1      1      1      4      2      6     10     10     10
   VALA1130      1      1      1      1      1      1      1      1      1      1      1
   TYRA1131      1      1      1      1      1      2      1      2      3      3      3
   GLUA1132      1      1      1      1      1      2      1      3      5      5      5
   GLYA1133      0      0      0      0      0      0      0      0      0      0      0
   GLNA1134      1      1      2      2      2      2      2      2      2      2      2
   VALA1135      1      1      1      1      1      1      1      1      1      1      1
   PROA1144      1      1      1      1      1      1      1      1      1      1      1
   LEUA1145      1      1      1      1      1      1      1      1      1      1      1
   GLNA1146      1      1      2      2      2      4      2      2      2      2      2
   VALA1147      1      1      1      1      1      1      1      1      1      1      1
   ALAA1148      1      1      1      1      1      1      1      1      1      1      1
   VALA1149      1      1      1      1      1      1      1      1      1      1      1
   LYSA1150      1      1      1      1      1      1      1      2      2      2      2
   THRA1151      1      1      1      1      1      1      1      1      1      1      1
   LEUA1152      1      1      1      1      1      1      1      1      1      1      1
   PROA1153      1      1      1      1      1      1      1      1      1      1      1
   GLUA1154      1      1      1      1      1      1      1      3      5      5      5
   VALA1155      1      1      1      1      1      1      1      1      1      1      1
   CYSA1156      1      1      1      1      1      1      1      2      4      4      4
   SERA1157      1      1      1      1      1      1      1      1      2      2      2
   GLUA1158      1      1      1      1      1      1      1      3      5      5      5
   GLNA1159      1      1      2      2      2      4      4      4      4      4      4
   ASPA1160      1      1      1      1      1      1      1      3      5      5      5
   GLUA1161      1      1      1      1      1      1      1      3      5      5      5
   LEUA1162      1      1      1      1      1      1      1      1      1      1      1
   ASPA1163      1      1      1      1      1      1      1      3      5      5      5
   PHEA1164      1      1      1      1      1      1      1      1      1      1      1
   LEUA1165      1      1      1      1      1      1      1      1      1      1      1
   META1166      1      1      1      1      1      1      1      1      1      1      1
   GLUA1167      1      1      1      1      1      1      1      3      5      5      5
   ALAA1168      1      1      1      1      1      1      1      1      1      1      1
   LEUA1169      1      1      1      1      1      1      1      1      1      1      1
   ILEA1170      1      1      1      1      1      1      1      1      1      1      1
   ILEA1171      1      1      1      1      1      1      1      1      1      1      1
   SERA1172      1      1      1      1      1      1      1      1      3      3      2
   LYSA1173      1      1      1      1      1      1      1      2      2      2      2
   PHEA1174      1      1      1      1      1      1      1      1      1      1      1
   ASNA1175      1      1      2      2      2      4      1      1      1      1      1
   HISA1176      1      1      2      2      2      3      2      6      6      6      6
   GLNA1177      1      1      2      2      2      5      3      3      3      3      3
   ASNA1178      1      1      2      2      2      2      2      2      2      2      2
   ILEA1179      1      1      1      1      1      1      1      1      1      1      1
   VALA1180      1      1      1      1      1      1      1      1      1      1      1
   ARGA1181      1      1      1      1      1      1      1      4      5      5      5
   CYSA1182      1      1      1      1      1      1      1      2      4      4      4
   ILEA1183      1      1      1      1      1      1      1      1      1      1      1
   GLYA1184      0      0      0      0      0      0      0      0      0      0      0
   VALA1185      1      1      1      1      1      1      1      1      1      1      1
   SERA1186      1      1      1      1      1      2      1      1      3      3      3
   LEUA1187      1      1      1      1      1      1      1      1      1      1      1
   GLNA1188      1      1      2      2      2      2      2      2      2      2      2
   SERA1189      1      1      1      1      1      1      1      1      2      2      1
   LEUA1190      1      1      1      1      1      1      1      1      1      1      1
   PROA1191      1      1      1      1      1      1      1      1      1      1      1
   ARGA1192      1      1      1      1      1      2      1      4      5      5      5
   PHEA1193      1      1      1      1      1      1      1      1      1      1      1
   ILEA1194      1      1      1      1      1      1      1      1      1      1      1
   LEUA1195      1      1      1      1      1      1      1      1      1      1      1
   LEUA1196      1      1      1      1      1      1      1      1      1      1      1
   GLUA1197      1      1      1      1      1      1      1      3      5      5      5
   PHEA1198      1      1      1      1      1      1      1      1      1      1      1
   META1199      1      1      1      1      1      1      1      1      1      1      1
   ALAA1200      1      1      1      1      1      1      1      1      1      1      1
   GLYA1201      0      0      0      0      0      0      0      0      0      0      0
   GLYA1202      0      0      0      0      0      0      0      0      0      0      0
   ASPA1203      1      1      1      1      1      1      1      3      5      5      5
   LEUA1204      1      1      1      1      1      1      1      1      1      1      1
   LYSA1205      1      1      1      1      1      1      1      2      2      2      2
   SERA1206      1      1      1      1      1      1      1      1      3      3      3
   PHEA1207      1      1      1      1      1      1      1      1      1      1      1
   LEUA1208      1      1      1      1      1      1      1      1      1      1      1
   ARGA1209      1      1      1      1      1      1      1      4      5      5      5
   GLUA1210      1      1      1      1      1      1      1      3      5      5      5
   THRA1211      1      1      1      1      1      1      1      1      2      2      2
   ARGA1212      1      1      1      1      1      1      1      4      5      5      5
   PROA1213      1      1      1      1      1      1      1      1      1      1      1
   ARGA1214      1      1      1      1      1      2      2      8     10     10     10
   PROA1215      1      1      1      1      1      1      1      1      1      1      1
   SERA1216      1      1      1      1      1      1      1      1      2      2      1
   GLNA1217      1      1      2      2      2      2      2      2      2      2      2
   PROA1218      1      1      1      1      1      1      1      1      1      1      1
   SERA1219      1      1      1      1      1      1      1      1      2      2      1
   SERA1220      1      1      1      1      1      1      1      1      2      2      1
   LEUA1221      1      1      1      1      1      1      1      1      1      1      1
   ALAA1222      1      1      1      1      1      1      1      1      1      1      1
   META1223      1      1      1      1      1      1      1      1      1      1      1
   LEUA1224      1      1      1      1      1      1      1      1      1      1      1
   ASPA1225      1      1      1      1      1      1      1      3      5      5      5
   LEUA1226      1      1      1      1      1      1      1      1      1      1      1
   LEUA1227      1      1      1      1      1      1      1      1      1      1      1
   HISA1228      1      1      2      2      2      2      2      6      6      6      6
   VALA1229      1      1      1      1      1      1      1      1      1      1      1
   ALAA1230      1      1      1      1      1      1      1      1      1      1      1
   ARGA1231      1      1      1      1      1      1      1      4      5      5      5
   ASPA1232      1      1      1      1      1      1      1      3      5      5      5
   ILEA1233      1      1      1      1      1      1      1      1      1      1      1
   ALAA1234      1      1      1      1      1      1      1      1      1      1      1
   CYSA1235      1      1      1      1      1      1      1      2      4      4      4
   GLYA1236      0      0      0      0      0      0      0      0      0      0      0
   CYSA1237      1      1      1      1      1      1      1      2      4      4      4
   GLNA1238      1      1      2      2      2      2      2      2      2      2      2
   TYRA1239      1      1      1      1      1      1      1      2      2      2      2
   LEUA1240      1      1      1      1      1      1      1      1      1      1      1
   GLUA1241      1      1      1      1      1      1      1      3      5      5      5
   GLUA1242      1      1      1      1      1      1      1      3      5      5      5
   ASNA1243      1      1      2      2      2      2      2      2      2      2      2
   HISA1244      1      1      2      2      2      2      2      6      6      6      6
   PHEA1245      1      1      1      1      1      1      1      1      1      1      1
   ILEA1246      1      1      1      1      1      1      1      1      1      1      1
   HISA1247      1      1      2      2      1      1      1      3      3      3      3
   ARGA1248      1      1      1      1      1      1      1      4      4      4      4
   ASPA1249      1      1      1      1      1      1      1      3      5      5      5
   ILEA1250      1      1      1      1      1      1      1      1      1      1      1
   ALAA1251      1      1      1      1      1      1      1      1      1      1      1
   ALAA1252      1      1      1      1      1      1      1      1      1      1      1
   ARGA1253      1      1      1      1      1      1      1      4      5      5      5
   ASNA1254      1      1      2      2      2      2      2      2      2      2      2
   CYSA1255      1      1      1      1      1      1      1      2      4      4      4
   LEUA1256      1      1      1      1      1      1      1      1      1      1      1
   LEUA1257      1      1      1      1      1      1      1      1      1      1      1
   THRA1258      1      1      1      1      1      1      1      1      3      3      3
   CYSA1259      1      1      1      1      1      1      1      2      4      4      4
   PROA1260      1      1      1      1      1      1      1      1      1      1      1
   GLYA1261      0      0      0      0      0      0      0      0      0      0      0
   PROA1262      1      1      1      1      1      1      1      1      1      1      1
   GLYA1263      0      0      0      0      0      0      0      0      0      0      0
   ARGA1264      1      1      1      1      1      1      1      4      6      6      6
   VALA1265      1      1      1      1      1      1      1      1      1      1      1
   ALAA1266      1      1      1      1      1      1      1      1      1      1      1
   LYSA1267      1      1      1      1      1      1      1      2      2      2      2
   ILEA1268      1      1      1      1      1      1      1      1      1      1      1
   GLYA1269      0      0      0      0      0      0      0      0      0      0      0
   ASPA1270      1      1      1      1      1      1      1      3      5      5      5
   PHEA1271      1      1      1      1      1      1      1      1      1      1      1
   GLYA1272      0      0      0      0      0      0      0      0      0      0      0
   META1273      1      1      1      1      1      1      1      1      1      1      1
   ALAA1274      1      1      1      1      1      1      1      1      1      1      1
   ARGA1275      1      1      1      1      1      1      1      4      6      6      6
   ASPA1276      1      1      1      1      1      2      2      6     10     10     10
   ILEA1277      1      1      1      1      1      1      1      1      1      1      1
   TYRA1278      1      1      1      1      1      1      1      2      3      3      3
   ARGA1279      1      1      1      1      1      2      1      4      4      4      4
   GLYA1286      0      0      0      0      0      0      0      0      0      0      0
   GLYA1287      0      0      0      0      0      0      0      0      0      0      0
   CYSA1288      1      1      1      1      1      1      1      2      4      4      4
   ALAA1289      1      1      1      1      1      1      1      1      1      1      1
   META1290      1      1      1      1      1      1      1      1      1      1      1
   LEUA1291      1      1      1      1      1      1      1      1      1      1      1
   PROA1292      1      1      1      1      1      1      1      1      1      1      1
   VALA1293      1      1      1      1      1      1      1      1      1      1      1
   LYSA1294      1      1      1      1      1      1      1      2      2      2      2
   TRPA1295      1      1      1      1      1      2      1      1      1      1      1
   META1296      1      1      1      1      1      1      1      1      1      1      1
   PROA1297      1      1      1      1      1      1      1      1      1      1      1
   PROA1298      1      1      1      1      1      1      1      1      1      1      1
   GLUA1299      1      1      1      1      1      2      1      3      5      5      5
   ALAA1300      1      1      1      1      1      1      1      1      1      1      1
   PHEA1301      1      1      1      1      1      1      1      1      1      1      1
   META1302      1      1      1      1      1      1      1      1      1      1      1
   GLUA1303      1      1      1      1      1      1      1      3      5      5      5
   GLYA1304      0      0      0      0      0      0      0      0      0      0      0
   ILEA1305      1      1      1      1      1      1      1      1      1      1      1
   PHEA1306      1      1      1      1      1      1      1      1      1      1      1
   THRA1307      1      1      1      1      1      1      1      1      2      2      2
   SERA1308      1      1      1      1      1      1      1      1      2      2      2
   LYSA1309      1      1      1      1      1      1      1      2      2      2      2
   THRA1310      1      1      1      1      1      1      1      1      2      2      2
   ASPA1311      1      1      1      1      1      1      1      3      5      5      5
   THRA1312      1      1      1      1      1      1      1      1      1      1      1
   TRPA1313      1      1      1      1      1      1      1      1      1      1      1
   SERA1314      1      1      1      1      1      1      1      1      2      2      2
   PHEA1315      1      1      1      1      1      1      1      1      1      1      1
   GLYA1316      0      0      0      0      0      0      0      0      0      0      0
   VALA1317      1      1      1      1      1      1      1      1      1      1      1
   LEUA1318      1      1      1      1      1      1      1      1      1      1      1
   LEUA1319      1      1      1      1      1      1      1      1      1      1      1
   TRPA1320      1      1      1      1      1      1      1      1      1      1      1
   GLUA1321      1      1      1      1      1      2      1      3      5      5      5
   ILEA1322      1      1      1      1      1      1      1      1      1      1      1
   PHEA1323      1      1      1      1      1      1      1      1      1      1      1
   SERA1324      1      1      1      1      1      1      1      1      2      2      1
   LEUA1325      1      1      1      1      1      1      1      1      1      1      1
   GLYA1326      0      0      0      0      0      0      0      0      0      0      0
   TYRA1327      1      1      1      1      1      1      1      2      3      3      3
   META1328      1      1      1      1      1      1      1      1      1      1      1
   PROA1329      1      1      1      1      1      1      1      1      1      1      1
   TYRA1330      1      1      1      1      1      1      1      2      3      3      2
   PROA1331      1      1      1      1      1      1      1      1      1      1      1
   SERA1332      1      1      1      1      1      1      1      1      1      1      1
   LYSA1333      1      1      1      1      1      1      1      2      2      2      2
   SERA1334      1      1      1      1      1      2      2      2      4      4      4
   ASNA1335      1      1      2      2      2      2      2      2      2      2      2
   GLNA1336      1      1      2      2      2      2      2      2      2      2      2
   GLUA1337      1      1      1      1      1      2      1      3      5      5      5
   VALA1338      1      1      1      1      1      1      1      1      1      1      1
   LEUA1339      1      1      1      1      1      1      1      1      1      1      1
   GLUA1340      1      1      1      1      1      1      1      3      5      5      5
   PHEA1341      1      1      1      1      1      1      1      1      1      1      1
   VALA1342      1      1      1      1      1      1      1      1      1      1      1
   THRA1343      1      1      1      1      1      1      1      1      2      2      2
   SERA1344      1      1      1      1      1      1      1      1      2      2      2
   GLYA1345      0      0      0      0      0      0      0      0      0      0      0
   GLYA1346      0      0      0      0      0      0      0      0      0      0      0
   ARGA1347      1      1      1      1      1      1      1      4      4      4      4
   META1348      1      1      1      1      1      1      1      1      1      1      1
   ASPA1349      1      1      1      1      1      1      1      3      5      5      5
   PROA1350      1      1      1      1      1      1      1      1      1      1      1
   PROA1351      1      1      1      1      1      1      1      1      1      1      1
   LYSA1352      1      1      1      1      1      1      1      2      2      2      2
   ASNA1353      1      1      2      2      2      2      2      2      2      2      2
   CYSA1354      1      1      1      1      1      1      1      2      4      4      4
   PROA1355      1      1      1      1      1      1      1      1      1      1      1
   GLYA1356      0      0      0      0      0      0      0      0      0      0      0
   PROA1357      1      1      1      1      1      1      1      1      1      1      1
   VALA1358      1      1      1      1      1      1      1      1      1      1      1
   TYRA1359      1      1      1      1      1      1      1      2      3      3      3
   ARGA1360      1      1      1      1      1      1      1      4      4      4      4
   ILEA1361      1      1      1      1      1      1      1      1      1      1      1
   META1362      1      1      1      1      1      1      1      1      1      1      1
   THRA1363      1      1      1      1      1      1      1      1      2      2      2
   GLNA1364      1      1      2      2      2      2      2      2      2      2      2
   CYSA1365      1      1      1      1      1      1      1      2      4      4      4
   TRPA1366      1      1      1      1      1      1      1      1      1      1      1
   GLNA1367      1      1      2      2      2      2      2      2      2      2      2
   HISA1368      1      1      2      2      2      2      2      6      6      6      6
   GLNA1369      1      1      2      2      2      4      2      2      2      2      2
   PROA1370      1      1      1      1      1      1      1      1      1      1      1
   GLUA1371      1      1      1      1      1      2      1      3      5      5      5
   ASPA1372      1      1      1      1      1      1      1      3      5      5      5
   ARGA1373      1      1      1      1      1      1      1      4      6      6      6
   PROA1374      1      1      1      1      1      1      1      1      1      1      1
   ASNA1375      1      1      2      2      2      2      1      1      1      1      1
   PHEA1376      1      1      1      1      1      1      1      1      1      1      1
   ALAA1377      1      1      1      1      1      1      1      1      1      1      1
   ILEA1378      1      1      1      1      1      1      1      1      1      1      1
   ILEA1379      1      1      1      1      1      1      1      1      1      1      1
   LEUA1380      1      1      1      1      1      1      1      1      1      1      1
   GLUA1381      1      1      1      1      1      1      1      3      5      5      5
   ARGA1382      1      1      1      1      1      2      1      4      4      4      4
   ILEA1383      1      1      1      1      1      1      1      1      1      1      1
   GLUA1384      1      1      1      1      1      1      1      3      5      5      5
   TYRA1385      1      1      1      1      1      1      1      2      3      3      3
   CYSA1386      1      1      1      1      1      1      1      2      4      4      4
   THRA1387      1      1      1      1      1      1      1      1      2      2      2
   GLNA1388      1      1      2      2      2      2      2      2      2      2      2
   ASPA1389      1      1      1      1      1      1      1      3      5      5      5
   PROA1390      1      1      1      1      1      1      1      1      1      1      1
   ASPA1391      1      1      1      1      1      1      1      3      5      5      5
   VALA1392      1      1      1      1      1      1      1      1      1      1      1
   ILEA1393      1      1      1      1      1      1      1      1      1      1      1
   ASNA1394      1      1      2      2      2      2      2      2      2      2      2
   THRA1395      1      1      1      1      1      1      1      1      1      1      1
   ALAA1396      1      1      1      1      1      1      1      1      1      1      1
   LEUA1397      1      1      1      1      1      1      1      1      1      1      1
   PROA1398      1      1      1      1      1      1      1      1      1      1      1
   ILEA1399      1      1      1      1      1      1      1      1      1      1      1
   GLUA1400      1      1      1      1      1      2      2      6     10     10     10
   TYRA1401      1      1      1      1      1      1      1      2      3      3      3
   VGHA9000      1      1      1      1      1      1      1      4      5      5      5
   Total       274    274    303    303    302    332    307    491    638    638    630
