   Rotamer making statitics:
   Residue   Start  Clean   Swap Rotate   Self  Hbond Repack  Ioni.   TorH     OH  Elect
   META0061      1      1      1      1      1      1      1      1      1      1      1
   GLUA0062      1      1      1      1      1      1      1      3      5      5      5
   LEUA0063      1      1      1      1      1      1      1      1      1      1      1
   LYSA0064      1      1      1      1      1      2      1      2      2      2      2
   ASPA0065      1      1      1      1      1      2      1      3      5      5      5
   ASPA0066      1      1      1      1      1      1      1      3      5      5      5
   ASPA0067      1      1      1      1      1      1      1      3      5      5      5
   PHEA0068      1      1      1      1      1      1      1      1      1      1      1
   GLUA0069      1      1      1      1      1      1      1      3      5      5      5
   LYSA0070      1      1      1      1      1      1      1      2      2      2      2
   ILEA0071      1      1      1      1      1      1      1      1      1      1      1
   SERA0072      1      1      1      1      1      1      1      1      2      2      1
   GLUA0073      1      1      1      1      1      1      1      3      5      5      5
   LEUA0074      1      1      1      1      1      1      1      1      1      1      1
   GLYA0075      0      0      0      0      0      0      0      0      0      0      0
   ALAA0076      1      1      1      1      1      1      1      1      1      1      1
   GLYA0077      0      0      0      0      0      0      0      0      0      0      0
   ASNA0078      1      1      2      2      2      2      1      1      1      1      1
   GLYA0079      0      0      0      0      0      0      0      0      0      0      0
   GLYA0080      0      0      0      0      0      0      0      0      0      0      0
   VALA0081      1      1      1      1      1      1      1      1      1      1      1
   VALA0082      1      1      1      1      1      1      1      1      1      1      1
   PHEA0083      1      1      1      1      1      1      1      1      1      1      1
   LYSA0084      1      1      1      1      1      1      1      2      2      2      2
   VALA0085      1      1      1      1      1      1      1      1      1      1      1
   SERA0086      1      1      1      1      1      1      1      1      2      2      2
   HISA0087      1      1      2      2      2      2      1      3      3      3      3
   LYSA0088      1      1      1      1      1      1      1      2      2      2      2
   PROA0089      1      1      1      1      1      1      1      1      1      1      1
   SERA0090      1      1      1      1      1      2      1      1      3      3      3
   GLYA0091      0      0      0      0      0      0      0      0      0      0      0
   LEUA0092      1      1      1      1      1      1      1      1      1      1      1
   VALA0093      1      1      1      1      1      1      1      1      1      1      1
   META0094      1      1      1      1      1      1      1      1      1      1      1
   ALAA0095      1      1      1      1      1      1      1      1      1      1      1
   ARGA0096      1      1      1      1      1      3      1      4      6      6      6
   LYSA0097      1      1      1      1      1      3      1      2      2      2      2
   LEUA0098      1      1      1      1      1      1      1      1      1      1      1
   ILEA0099      1      1      1      1      1      1      1      1      1      1      1
   HISA0100      1      1      2      2      2      3      1      3      3      3      3
   LEUA0101      1      1      1      1      1      1      1      1      1      1      1
   GLUA0102      1      1      1      1      1      1      1      3      5      5      5
   ILEA0103      1      1      1      1      1      1      1      1      1      1      1
   LYSA0104      1      1      1      1      1      1      1      2      2      2      2
   PROA0105      1      1      1      1      1      1      1      1      1      1      1
   ALAA0106      1      1      1      1      1      1      1      1      1      1      1
   ILEA0107      1      1      1      1      1      1      1      1      1      1      1
   ARGA0108      1      1      1      1      1      1      1      4      4      4      4
   ASNA0109      1      1      2      2      2      2      2      2      2      2      2
   GLNA0110      1      1      2      2      2      4      2      2      2      2      2
   ILEA0111      1      1      1      1      1      1      1      1      1      1      1
   ILEA0112      1      1      1      1      1      1      1      1      1      1      1
   ARGA0113      1      1      1      1      1      1      1      4      4      4      4
   GLUA0114      1      1      1      1      1      1      1      3      5      5      5
   LEUA0115      1      1      1      1      1      1      1      1      1      1      1
   GLNA0116      1      1      2      2      2      4      2      2      2      2      2
   VALA0117      1      1      1      1      1      1      1      1      1      1      1
   LEUA0118      1      1      1      1      1      1      1      1      1      1      1
   HISA0119      1      1      2      2      2      3      2      6      6      6      6
   GLUA0120      1      1      1      1      1      1      1      3      5      5      5
   CYSA0121      1      1      1      1      1      1      1      2      4      4      4
   ASNA0122      1      1      2      2      2      2      2      2      2      2      2
   SERA0123      1      1      1      1      1      1      1      1      2      2      2
   PROA0124      1      1      1      1      1      1      1      1      1      1      1
   TYRA0125      1      1      1      1      1      1      1      2      3      3      3
   ILEA0126      1      1      1      1      1      1      1      1      1      1      1
   VALA0127      1      1      1      1      1      1      1      1      1      1      1
   GLYA0128      0      0      0      0      0      0      0      0      0      0      0
   PHEA0129      1      1      1      1      1      1      1      1      1      1      1
   TYRA0130      1      1      1      1      1      1      1      2      3      3      3
   GLYA0131      0      0      0      0      0      0      0      0      0      0      0
   ALAA0132      1      1      1      1      1      1      1      1      1      1      1
   PHEA0133      1      1      1      1      1      1      1      1      1      1      1
   TYRA0134      1      1      1      1      1      1      1      2      3      3      2
   SERA0135      1      1      1      1      1      2      1      1      2      2      2
   ASPA0136      1      1      1      1      1      1      1      3      5      5      5
   GLYA0137      0      0      0      0      0      0      0      0      0      0      0
   GLUA0138      1      1      1      1      1      1      1      3      5      5      5
   ILEA0139      1      1      1      1      1      1      1      1      1      1      1
   SERA0140      1      1      1      1      1      2      2      2      5      5      5
   ILEA0141      1      1      1      1      1      1      1      1      1      1      1
   CYSA0142      1      1      1      1      1      1      1      2      4      4      4
   META0143      1      1      1      1      1      1      1      1      1      1      1
   GLUA0144      1      1      1      1      1      3      2      6     10     10     10
   HISA0145      1      1      2      2      2      2      2      6      6      6      6
   META0146      1      1      1      1      1      1      1      1      1      1      1
   ASPA0147      1      1      1      1      1      1      1      3      5      5      5
   GLYA0148      0      0      0      0      0      0      0      0      0      0      0
   GLYA0149      0      0      0      0      0      0      0      0      0      0      0
   SERA0150      1      1      1      1      1      1      1      1      2      2      1
   LEUA0151      1      1      1      1      1      1      1      1      1      1      1
   ASPA0152      1      1      1      1      1      1      1      3      5      5      5
   GLNA0153      1      1      2      2      2      2      2      2      2      2      2
   VALA0154      1      1      1      1      1      1      1      1      1      1      1
   LEUA0155      1      1      1      1      1      1      1      1      1      1      1
   LYSA0156      1      1      1      1      1      2      1      2      2      2      2
   LYSA0157      1      1      1      1      1      1      1      2      2      2      2
   ALAA0158      1      1      1      1      1      1      1      1      1      1      1
   GLYA0159      0      0      0      0      0      0      0      0      0      0      0
   ARGA0160      1      1      1      1      1      1      1      4      4      4      4
   ILEA0161      1      1      1      1      1      1      1      1      1      1      1
   PROA0162      1      1      1      1      1      1      1      1      1      1      1
   GLUA0163      1      1      1      1      1      2      2      6     10     10     10
   GLNA0164      1      1      2      2      2      4      2      2      2      2      2
   ILEA0165      1      1      1      1      1      1      1      1      1      1      1
   LEUA0166      1      1      1      1      1      1      1      1      1      1      1
   GLYA0167      0      0      0      0      0      0      0      0      0      0      0
   LYSA0168      1      1      1      1      1      1      1      2      2      2      2
   VALA0169      1      1      1      1      1      1      1      1      1      1      1
   SERA0170      1      1      1      1      1      1      1      1      3      3      2
   ILEA0171      1      1      1      1      1      1      1      1      1      1      1
   ALAA0172      1      1      1      1      1      1      1      1      1      1      1
   VALA0173      1      1      1      1      1      1      1      1      1      1      1
   ILEA0174      1      1      1      1      1      1      1      1      1      1      1
   LYSA0175      1      1      1      1      1      1      1      2      2      2      2
   GLYA0176      0      0      0      0      0      0      0      0      0      0      0
   LEUA0177      1      1      1      1      1      1      1      1      1      1      1
   THRA0178      1      1      1      1      1      1      1      1      3      3      2
   TYRA0179      1      1      1      1      1      1      1      2      3      3      3
   LEUA0180      1      1      1      1      1      1      1      1      1      1      1
   ARGA0181      1      1      1      1      1      1      1      4      4      4      4
   GLUA0182      1      1      1      1      1      1      1      3      5      5      5
   LYSA0183      1      1      1      1      1      1      1      2      2      2      2
   HISA0184      1      1      2      2      2      2      1      3      3      3      3
   LYSA0185      1      1      1      1      1      1      1      2      2      2      2
   ILEA0186      1      1      1      1      1      1      1      1      1      1      1
   META0187      1      1      1      1      1      1      1      1      1      1      1
   HISA0188      1      1      2      2      2      2      2      6      6      6      6
   ARGA0189      1      1      1      1      1      1      1      4      5      5      5
   ASPA0190      1      1      1      1      1      2      1      3      5      5      5
   VALA0191      1      1      1      1      1      1      1      1      1      1      1
   LYSA0192      1      1      1      1      1      1      1      2      2      2      2
   PROA0193      1      1      1      1      1      1      1      1      1      1      1
   SERA0194      1      1      1      1      1      1      1      1      3      3      3
   ASNA0195      1      1      2      2      2      2      2      2      2      2      2
   ILEA0196      1      1      1      1      1      1      1      1      1      1      1
   LEUA0197      1      1      1      1      1      1      1      1      1      1      1
   VALA0198      1      1      1      1      1      1      1      1      1      1      1
   ASNA0199      1      1      2      2      2      4      4      4      2      2      2
   SERA0200      1      1      1      1      1      2      1      1      3      3      3
   ARGA0201      1      1      1      1      1      2      1      4      4      4      4
   GLYA0202      0      0      0      0      0      0      0      0      0      0      0
   GLUA0203      1      1      1      1      1      3      1      3      5      5      5
   ILEA0204      1      1      1      1      1      1      1      1      1      1      1
   LYSA0205      1      1      1      1      1      2      1      2      2      2      2
   LEUA0206      1      1      1      1      1      1      1      1      1      1      1
   CYSA0207      1      1      1      1      1      1      1      2      4      4      4
   ASPA0208      1      1      1      1      1      2      1      3      5      5      5
   PHEA0209      1      1      1      1      1      1      1      1      1      1      1
   GLYA0210      0      0      0      0      0      0      0      0      0      0      0
   VALA0211      1      1      1      1      1      1      1      1      1      1      1
   SERA0212      1      1      1      1      1      2      2      2      5      5      5
   GLYA0213      0      0      0      0      0      0      0      0      0      0      0
   GLNA0214      1      1      2      2      2      2      2      2      2      2      2
   LEUA0215      1      1      1      1      1      1      1      1      1      1      1
   ILEA0216      1      1      1      1      1      1      1      1      1      1      1
   ASPA0217      1      1      1      1      1      1      1      3      5      5      5
   SERA0218      1      1      1      1      1      1      1      1      3      3      3
   META0219      1      1      1      1      1      1      1      1      1      1      1
   ALAA0220      1      1      1      1      1      1      1      1      1      1      1
   ASNA0221      1      1      2      2      2      2      2      2      2      2      2
   SERA0222      1      1      1      1      1      1      1      1      2      2      2
   PHEA0223      1      1      1      1      1      1      1      1      1      1      1
   VALA0224      1      1      1      1      1      1      1      1      1      1      1
   GLYA0225      0      0      0      0      0      0      0      0      0      0      0
   THRA0226      1      1      1      1      1      1      1      1      2      2      1
   ARGA0227      1      1      1      1      1      2      1      4      6      6      6
   SERA0228      1      1      1      1      1      1      1      1      2      2      2
   TYRA0229      1      1      1      1      1      3      1      2      3      3      3
   META0230      1      1      1      1      1      1      1      1      1      1      1
   SERA0231      1      1      1      1      1      3      3      3      8      8      8
   PROA0232      1      1      1      1      1      1      1      1      1      1      1
   GLUA0233      1      1      1      1      1      3      1      3      5      5      5
   ARGA0234      1      1      1      1      1      2      1      4      4      4      4
   LEUA0235      1      1      1      1      1      1      1      1      1      1      1
   GLNA0236      1      1      2      2      2      2      2      2      2      2      2
   GLYA0237      0      0      0      0      0      0      0      0      0      0      0
   THRA0238      1      1      1      1      1      1      1      1      2      2      1
   HISA0239      1      1      2      2      2      2      2      6      6      6      6
   TYRA0240      1      1      1      1      1      1      1      2      3      3      3
   SERA0241      1      1      1      1      1      1      1      1      2      2      2
   VALA0242      1      1      1      1      1      1      1      1      1      1      1
   GLNA0243      1      1      2      2      2      2      2      2      2      2      2
   SERA0244      1      1      1      1      1      1      1      1      3      3      2
   ASPA0245      1      1      1      1      1      1      1      3      5      5      5
   ILEA0246      1      1      1      1      1      1      1      1      1      1      1
   TRPA0247      1      1      1      1      1      1      1      1      1      1      1
   SERA0248      1      1      1      1      1      1      1      1      2      2      2
   META0249      1      1      1      1      1      1      1      1      1      1      1
   GLYA0250      0      0      0      0      0      0      0      0      0      0      0
   LEUA0251      1      1      1      1      1      1      1      1      1      1      1
   SERA0252      1      1      1      1      1      1      1      1      3      3      3
   LEUA0253      1      1      1      1      1      1      1      1      1      1      1
   VALA0254      1      1      1      1      1      1      1      1      1      1      1
   GLUA0255      1      1      1      1      1      2      1      3      5      5      5
   META0256      1      1      1      1      1      1      1      1      1      1      1
   ALAA0257      1      1      1      1      1      1      1      1      1      1      1
   VALA0258      1      1      1      1      1      1      1      1      1      1      1
   GLYA0259      0      0      0      0      0      0      0      0      0      0      0
   ARGA0260      1      1      1      1      1      2      1      4      4      4      4
   TYRA0261      1      1      1      1      1      1      1      2      3      3      3
   PROA0262      1      1      1      1      1      1      1      1      1      1      1
   ILEA0263      1      1      1      1      1      1      1      1      1      1      1
   PROA0264      1      1      1      1      1      1      1      1      1      1      1
   PROA0265      1      1      1      1      1      1      1      1      1      1      1
   PROA0266      1      1      1      1      1      1      1      1      1      1      1
   ASPA0267      1      1      1      1      1      1      1      3      5      5      5
   ALAA0268      1      1      1      1      1      1      1      1      1      1      1
   LYSA0269      1      1      1      1      1      1      1      2      2      2      2
   GLUA0270      1      1      1      1      1      1      1      3      5      5      5
   LEUA0271      1      1      1      1      1      1      1      1      1      1      1
   GLUA0272      1      1      1      1      1      1      1      3      5      5      5
   LEUA0273      1      1      1      1      1      1      1      1      1      1      1
   META0274      1      1      1      1      1      1      1      1      1      1      1
   PHEA0275      1      1      1      1      1      1      1      1      1      1      1
   PROA0306      1      1      1      1      1      1      1      1      1      1      1
   PROA0307      1      1      1      1      1      1      1      1      1      1      1
   META0308      1      1      1      1      1      1      1      1      1      1      1
   ALAA0309      1      1      1      1      1      1      1      1      1      1      1
   ILEA0310      1      1      1      1      1      1      1      1      1      1      1
   PHEA0311      1      1      1      1      1      1      1      1      1      1      1
   GLUA0312      1      1      1      1      1      1      1      3      5      5      5
   LEUA0313      1      1      1      1      1      1      1      1      1      1      1
   LEUA0314      1      1      1      1      1      1      1      1      1      1      1
   ASPA0315      1      1      1      1      1      2      1      3      5      5      5
   TYRA0316      1      1      1      1      1      1      1      2      3      3      2
   ILEA0317      1      1      1      1      1      1      1      1      1      1      1
   VALA0318      1      1      1      1      1      1      1      1      1      1      1
   ASNA0319      1      1      2      2      2      4      2      2      2      2      2
   GLUA0320      1      1      1      1      1      1      1      3      5      5      5
   PROA0321      1      1      1      1      1      1      1      1      1      1      1
   PROA0322      1      1      1      1      1      1      1      1      1      1      1
   PROA0323      1      1      1      1      1      1      1      1      1      1      1
   LYSA0324      1      1      1      1      1      1      1      2      2      2      2
   LEUA0325      1      1      1      1      1      1      1      1      1      1      1
   PROA0326      1      1      1      1      1      1      1      1      1      1      1
   SERA0327      1      1      1      1      1      1      1      1      2      2      1
   GLYA0328      0      0      0      0      0      0      0      0      0      0      0
   VALA0329      1      1      1      1      1      1      1      1      1      1      1
   PHEA0330      1      1      1      1      1      1      1      1      1      1      1
   SERA0331      1      1      1      1      1      3      3      3      9      9      9
   LEUA0332      1      1      1      1      1      1      1      1      1      1      1
   GLUA0333      1      1      1      1      1      1      1      3      5      5      5
   PHEA0334      1      1      1      1      1      1      1      1      1      1      1
   GLNA0335      1      1      2      2      2      2      2      2      2      2      2
   ASPA0336      1      1      1      1      1      2      2      6      6      6      6
   PHEA0337      1      1      1      1      1      1      1      1      1      1      1
   VALA0338      1      1      1      1      1      1      1      1      1      1      1
   ASNA0339      1      1      2      2      2      2      2      2      2      2      2
   LYSA0340      1      1      1      1      1      1      1      2      2      2      2
   CYSA0341      1      1      1      1      1      1      1      2      4      4      4
   LEUA0342      1      1      1      1      1      1      1      1      1      1      1
   ILEA0343      1      1      1      1      1      1      1      1      1      1      1
   LYSA0344      1      1      1      1      1      1      1      2      2      2      2
   ASNA0345      1      1      2      2      2      2      2      2      2      2      2
   PROA0346      1      1      1      1      1      1      1      1      1      1      1
   ALAA0347      1      1      1      1      1      1      1      1      1      1      1
   GLUA0348      1      1      1      1      1      1      1      3      5      5      5
   ARGA0349      1      1      1      1      1      1      1      4      6      6      6
   ALAA0350      1      1      1      1      1      1      1      1      1      1      1
   ASPA0351      1      1      1      1      1      2      1      3      5      5      5
   LEUA0352      1      1      1      1      1      1      1      1      1      1      1
   LYSA0353      1      1      1      1      1      1      1      2      2      2      2
   GLNA0354      1      1      2      2      2      2      2      2      2      2      2
   LEUA0355      1      1      1      1      1      1      1      1      1      1      1
   META0356      1      1      1      1      1      1      1      1      1      1      1
   VALA0357      1      1      1      1      1      1      1      1      1      1      1
   HISA0358      1      1      2      2      1      1      1      3      3      3      3
   ALAA0359      1      1      1      1      1      1      1      1      1      1      1
   PHEA0360      1      1      1      1      1      1      1      1      1      1      1
   ILEA0361      1      1      1      1      1      1      1      1      1      1      1
   LYSA0362      1      1      1      1      1      1      1      2      2      2      2
   ARGA0363      1      1      1      1      1      2      2      8     12     12     12
   SERA0364      1      1      1      1      1      1      1      1      3      3      3
   ASPA0365      1      1      1      1      1      1      1      3      5      5      5
   ALAA0366      1      1      1      1      1      1      1      1      1      1      1
   GLUA0367      1      1      1      1      1      1      1      3      5      5      5
   GLUA0368      1      1      1      1      1      1      1      3      5      5      5
   VALA0369      1      1      1      1      1      1      1      1      1      1      1
   ASPA0370      1      1      1      1      1      1      1      3      5      5      5
   PHEA0371      1      1      1      1      1      1      1      1      1      1      1
   ALAA0372      1      1      1      1      1      1      1      1      1      1      1
   GLYA0373      0      0      0      0      0      0      0      0      0      0      0
   TRPA0374      1      1      1      1      1      1      1      1      1      1      1
   LEUA0375      1      1      1      1      1      1      1      1      1      1      1
   CYSA0376      1      1      1      1      1      1      1      2      4      4      4
   SERA0377      1      1      1      1      1      1      1      1      2      2      1
   THRA0378      1      1      1      1      1      1      1      1      2      2      2
   ILEA0379      1      1      1      1      1      1      1      1      1      1      1
   GLYA0380      0      0      0      0      0      0      0      0      0      0      0
   LEUA0381      1      1      1      1      1      1      1      1      1      1      1
   ASNA0382      1      1      2      2      2      2      2      2      2      2      2
   _MGA0502      1      1      1      1      1      1      2      3      2      2      2
   EUIA0503      1      1      1      1      1      1      1      3     11     11     11
   Total       271    271    298    298    297    346    306    485    644    644    633
