   Rotamer making statitics:
   Residue   Start  Clean   Swap Rotate   Self  Hbond Repack  Ioni.   TorH     OH  Elect
   LEUA0820      1      1      1      1      1      1      1      1      1      1      1
   PROA0821      1      1      1      1      1      1      1      1      1      1      1
   TYRA0822      1      1      1      1      1      2      1      2      3      3      3
   ASPA0823      1      1      1      1      1      2      2      6     10     10     10
   ALAA0824      1      1      1      1      1      1      1      1      1      1      1
   SERA0825      1      1      1      1      1      1      1      1      3      3      3
   LYSA0826      1      1      1      1      1      1      1      2      2      2      2
   TRPA0827      1      1      1      1      1      1      1      1      1      1      1
   GLUA0828      1      1      1      1      1      2      1      3      5      5      5
   PHEA0829      1      1      1      1      1      1      1      1      1      1      1
   PROA0830      1      1      1      1      1      1      1      1      1      1      1
   ARGA0831      1      1      1      1      1      1      1      4      4      4      4
   ASPA0832      1      1      1      1      1      1      1      3      5      5      5
   ARGA0833      1      1      1      1      1      1      1      4      4      4      4
   LEUA0834      1      1      1      1      1      1      1      1      1      1      1
   LYSA0835      1      1      1      1      1      1      1      2      2      2      2
   LEUA0836      1      1      1      1      1      1      1      1      1      1      1
   GLYA0837      0      0      0      0      0      0      0      0      0      0      0
   LYSA0838      1      1      1      1      1      1      1      2      2      2      2
   PROA0839      1      1      1      1      1      1      1      1      1      1      1
   LEUA0840      1      1      1      1      1      1      1      1      1      1      1
   GLYA0841      0      0      0      0      0      0      0      0      0      0      0
   GLYA0846      0      0      0      0      0      0      0      0      0      0      0
   GLNA0847      1      1      2      2      2      2      2      2      2      2      2
   VALA0848      1      1      1      1      1      1      1      1      1      1      1
   ILEA0849      1      1      1      1      1      1      1      1      1      1      1
   GLUA0850      1      1      1      1      1      1      1      3      5      5      5
   ALAA0851      1      1      1      1      1      1      1      1      1      1      1
   ASPA0852      1      1      1      1      1      2      2      6      9      9      9
   ALAA0853      1      1      1      1      1      1      1      1      1      1      1
   PHEA0854      1      1      1      1      1      1      1      1      1      1      1
   GLYA0855      0      0      0      0      0      0      0      0      0      0      0
   ILEA0856      1      1      1      1      1      1      1      1      1      1      1
   ASPA0857      1      1      1      1      1      1      1      3      5      5      5
   LYSA0858      1      1      1      1      1      1      1      2      2      2      2
   THRA0859      1      1      1      1      1      2      2      2      4      4      4
   ALAA0860      1      1      1      1      1      1      1      1      1      1      1
   THRA0861      1      1      1      1      1      1      1      1      2      2      1
   CYSA0862      1      1      1      1      1      1      1      2      4      4      4
   ARGA0863      1      1      1      1      1      2      1      4      5      5      5
   THRA0864      1      1      1      1      1      2      1      1      2      2      2
   VALA0865      1      1      1      1      1      1      1      1      1      1      1
   ALAA0866      1      1      1      1      1      1      1      1      1      1      1
   VALA0867      1      1      1      1      1      1      1      1      1      1      1
   LYSA0868      1      1      1      1      1      2      1      2      2      2      2
   META0869      1      1      1      1      1      1      1      1      1      1      1
   LEUA0870      1      1      1      1      1      1      1      1      1      1      1
   LYSA0871      1      1      1      1      1      1      1      2      2      2      2
   GLUA0872      1      1      1      1      1      1      1      3      5      5      5
   GLYA0873      0      0      0      0      0      0      0      0      0      0      0
   ALAA0874      1      1      1      1      1      1      1      1      1      1      1
   THRA0875      1      1      1      1      1      1      1      1      3      3      3
   HISA0876      1      1      2      2      2      2      2      6      6      6      6
   SERA0877      1      1      1      1      1      2      2      2      2      2      2
   GLUA0878      1      1      1      1      1      1      1      3      5      5      5
   HISA0879      1      1      2      2      2      2      2      6      6      6      6
   ARGA0880      1      1      1      1      1      1      1      4      4      4      4
   ALAA0881      1      1      1      1      1      1      1      1      1      1      1
   LEUA0882      1      1      1      1      1      1      1      1      1      1      1
   META0883      1      1      1      1      1      1      1      1      1      1      1
   SERA0884      1      1      1      1      1      1      1      1      1      1      1
   GLUA0885      1      1      1      1      1      2      2      6     10     10     10
   LEUA0886      1      1      1      1      1      1      1      1      1      1      1
   LYSA0887      1      1      1      1      1      1      1      2      2      2      2
   ILEA0888      1      1      1      1      1      1      1      1      1      1      1
   LEUA0889      1      1      1      1      1      1      1      1      1      1      1
   ILEA0890      1      1      1      1      1      1      1      1      1      1      1
   HISA0891      1      1      2      2      2      2      2      6      6      6      6
   ILEA0892      1      1      1      1      1      1      1      1      1      1      1
   GLYA0893      0      0      0      0      0      0      0      0      0      0      0
   HISA0894      1      1      2      2      2      3      3      9      9      9      9
   HISA0895      1      1      2      2      2      3      2      6      6      6      6
   LEUA0896      1      1      1      1      1      1      1      1      1      1      1
   ASNA0897      1      1      2      2      2      3      2      2      2      2      2
   VALA0898      1      1      1      1      1      1      1      1      1      1      1
   VALA0899      1      1      1      1      1      1      1      1      1      1      1
   ASNA0900      1      1      2      2      2      5      2      2      2      2      2
   LEUA0901      1      1      1      1      1      1      1      1      1      1      1
   LEUA0902      1      1      1      1      1      1      1      1      1      1      1
   GLYA0903      0      0      0      0      0      0      0      0      0      0      0
   ALAA0904      1      1      1      1      1      1      1      1      1      1      1
   CYSA0905      1      1      1      1      1      1      1      2      4      4      4
   THRA0906      1      1      1      1      1      2      1      1      3      3      3
   LYSA0907      1      1      1      1      1      1      1      2      2      2      2
   PROA0908      1      1      1      1      1      1      1      1      1      1      1
   GLYA0909      0      0      0      0      0      0      0      0      0      0      0
   GLYA0910      0      0      0      0      0      0      0      0      0      0      0
   PROA0911      1      1      1      1      1      1      1      1      1      1      1
   LEUA0912      1      1      1      1      1      1      1      1      1      1      1
   META0913      1      1      1      1      1      1      1      1      1      1      1
   VALA0914      1      1      1      1      1      1      1      1      1      1      1
   ILEA0915      1      1      1      1      1      1      1      1      1      1      1
   VALA0916      1      1      1      1      1      1      1      1      1      1      1
   GLUA0917      1      1      1      1      1      2      1      3      5      5      5
   PHEA0918      1      1      1      1      1      1      1      1      1      1      1
   CYSA0919      1      1      1      1      1      1      1      2      4      4      4
   LYSA0920      1      1      1      1      1      1      1      2      2      2      2
   PHEA0921      1      1      1      1      1      1      1      1      1      1      1
   GLYA0922      0      0      0      0      0      0      0      0      0      0      0
   ASNA0923      1      1      2      2      2      2      2      2      2      2      2
   LEUA0924      1      1      1      1      1      1      1      1      1      1      1
   SERA0925      1      1      1      1      1      2      1      1      2      2      2
   THRA0926      1      1      1      1      1      2      1      1      3      3      3
   TYRA0927      1      1      1      1      1      1      1      2      3      3      3
   LEUA0928      1      1      1      1      1      1      1      1      1      1      1
   ARGA0929      1      1      1      1      1      1      1      4      5      5      5
   SERA0930      1      1      1      1      1      1      1      1      2      2      2
   LYSA0931      1      1      1      1      1      1      1      2      2      2      2
   ARGA0932      1      1      1      1      1      1      1      4      4      4      4
   ASNA0933      1      1      2      2      2      2      2      2      2      2      2
   GLUA0934      1      1      1      1      1      1      1      3      5      5      5
   PHEA0935      1      1      1      1      1      1      1      1      1      1      1
   VALA0936      1      1      1      1      1      1      1      1      1      1      1
   PROA0937      1      1      1      1      1      1      1      1      1      1      1
   TYRA0938      1      1      1      1      1      1      1      2      2      2      2
   LYSA0939      1      1      1      1      1      1      1      2      2      2      2
   VALA0940      1      1      1      1      1      1      1      1      1      1      1
   ALAA0991      1      1      1      1      1      1      1      1      1      1      1
   PROA0992      1      1      1      1      1      1      1      1      1      1      1
   GLUA0993      1      1      1      1      1      1      1      3      5      5      5
   ASPA0994      1      1      1      1      1      1      1      3      5      5      5
   LEUA0995      1      1      1      1      1      1      1      1      1      1      1
   TYRA0996      1      1      1      1      1      1      1      2      3      3      3
   LYSA0997      1      1      1      1      1      1      1      2      2      2      2
   ASPA0998      1      1      1      1      1      1      1      3      5      5      5
   PHEA0999      1      1      1      1      1      1      1      1      1      1      1
   LEUA1000      1      1      1      1      1      1      1      1      1      1      1
   THRA1001      1      1      1      1      1      1      1      1      2      2      2
   LEUA1002      1      1      1      1      1      1      1      1      1      1      1
   GLUA1003      1      1      1      1      1      1      1      3      5      5      5
   HISA1004      1      1      2      2      2      2      1      3      3      3      3
   LEUA1005      1      1      1      1      1      1      1      1      1      1      1
   ILEA1006      1      1      1      1      1      1      1      1      1      1      1
   CYSA1007      1      1      1      1      1      1      1      2      4      4      4
   TYRA1008      1      1      1      1      1      2      2      4      6      6      6
   SERA1009      1      1      1      1      1      1      1      1      2      2      2
   PHEA1010      1      1      1      1      1      1      1      1      1      1      1
   GLNA1011      1      1      2      2      2      2      2      2      2      2      2
   VALA1012      1      1      1      1      1      1      1      1      1      1      1
   ALAA1013      1      1      1      1      1      1      1      1      1      1      1
   LYSA1014      1      1      1      1      1      1      1      2      2      2      2
   GLYA1015      0      0      0      0      0      0      0      0      0      0      0
   META1016      1      1      1      1      1      1      1      1      1      1      1
   GLUA1017      1      1      1      1      1      2      1      3      5      5      5
   PHEA1018      1      1      1      1      1      1      1      1      1      1      1
   LEUA1019      1      1      1      1      1      1      1      1      1      1      1
   ALAA1020      1      1      1      1      1      1      1      1      1      1      1
   SERA1021      1      1      1      1      1      1      1      1      2      2      2
   ARGA1022      1      1      1      1      1      1      1      4      5      5      5
   LYSA1023      1      1      1      1      1      1      1      2      2      2      2
   CYSA1024      1      1      1      1      1      1      1      2      4      4      4
   ILEA1025      1      1      1      1      1      1      1      1      1      1      1
   HISA1026      1      1      2      2      1      1      1      3      3      3      3
   ARGA1027      1      1      1      1      1      1      1      4      4      4      4
   ASPA1028      1      1      1      1      1      3      2      6     10     10     10
   LEUA1029      1      1      1      1      1      1      1      1      1      1      1
   ALAA1030      1      1      1      1      1      1      1      1      1      1      1
   ALAA1031      1      1      1      1      1      1      1      1      1      1      1
   ARGA1032      1      1      1      1      1      2      1      4      5      5      5
   ASNA1033      1      1      2      2      2      4      2      2      2      2      2
   ILEA1034      1      1      1      1      1      1      1      1      1      1      1
   LEUA1035      1      1      1      1      1      1      1      1      1      1      1
   LEUA1036      1      1      1      1      1      1      1      1      1      1      1
   SERA1037      1      1      1      1      1      1      1      1      1      1      1
   GLUA1038      1      1      1      1      1      1      1      3      5      5      5
   LYSA1039      1      1      1      1      1      1      1      2      2      2      2
   ASNA1040      1      1      2      2      2      4      2      2      2      2      2
   VALA1041      1      1      1      1      1      1      1      1      1      1      1
   VALA1042      1      1      1      1      1      1      1      1      1      1      1
   LYSA1043      1      1      1      1      1      2      1      2      2      2      2
   ILEA1044      1      1      1      1      1      1      1      1      1      1      1
   CYSA1045      1      1      1      1      1      1      1      2      4      4      4
   ASPA1046      1      1      1      1      1      1      1      3      5      5      5
   PHEA1047      1      1      1      1      1      1      1      1      1      1      1
   GLYA1048      0      0      0      0      0      0      0      0      0      0      0
   LEUA1049      1      1      1      1      1      1      1      1      1      1      1
   ALAA1050      1      1      1      1      1      1      1      1      1      1      1
   LEUA1067      1      1      1      1      1      1      1      1      1      1      1
   PROA1068      1      1      1      1      1      1      1      1      1      1      1
   LEUA1069      1      1      1      1      1      1      1      1      1      1      1
   LYSA1070      1      1      1      1      1      1      1      2      2      2      2
   TRPA1071      1      1      1      1      1      1      1      1      1      1      1
   META1072      1      1      1      1      1      1      1      1      1      1      1
   ALAA1073      1      1      1      1      1      1      1      1      1      1      1
   PROA1074      1      1      1      1      1      1      1      1      1      1      1
   GLUA1075      1      1      1      1      1      2      1      3      5      5      5
   THRA1076      1      1      1      1      1      1      1      1      3      3      3
   ILEA1077      1      1      1      1      1      1      1      1      1      1      1
   PHEA1078      1      1      1      1      1      1      1      1      1      1      1
   ASPA1079      1      1      1      1      1      1      1      3      5      5      5
   ARGA1080      1      1      1      1      1      1      1      4      4      4      4
   VALA1081      1      1      1      1      1      1      1      1      1      1      1
   TYRA1082      1      1      1      1      1      1      1      2      2      2      2
   THRA1083      1      1      1      1      1      1      1      1      2      2      1
   ILEA1084      1      1      1      1      1      1      1      1      1      1      1
   GLNA1085      1      1      2      2      2      2      2      2      2      2      2
   SERA1086      1      1      1      1      1      1      1      1      3      3      2
   ASPA1087      1      1      1      1      1      1      1      3      5      5      5
   VALA1088      1      1      1      1      1      1      1      1      1      1      1
   TRPA1089      1      1      1      1      1      1      1      1      1      1      1
   SERA1090      1      1      1      1      1      1      1      1      2      2      2
   PHEA1091      1      1      1      1      1      1      1      1      1      1      1
   GLYA1092      0      0      0      0      0      0      0      0      0      0      0
   VALA1093      1      1      1      1      1      1      1      1      1      1      1
   LEUA1094      1      1      1      1      1      1      1      1      1      1      1
   LEUA1095      1      1      1      1      1      1      1      1      1      1      1
   TRPA1096      1      1      1      1      1      1      1      1      1      1      1
   GLUA1097      1      1      1      1      1      1      1      3      5      5      5
   ILEA1098      1      1      1      1      1      1      1      1      1      1      1
   PHEA1099      1      1      1      1      1      1      1      1      1      1      1
   SERA1100      1      1      1      1      1      1      1      1      2      2      2
   LEUA1101      1      1      1      1      1      1      1      1      1      1      1
   GLYA1102      0      0      0      0      0      0      0      0      0      0      0
   ALAA1103      1      1      1      1      1      1      1      1      1      1      1
   SERA1104      1      1      1      1      1      1      1      1      2      2      2
   PROA1105      1      1      1      1      1      1      1      1      1      1      1
   TYRA1106      1      1      1      1      1      1      1      2      3      3      3
   PROA1107      1      1      1      1      1      1      1      1      1      1      1
   GLYA1108      0      0      0      0      0      0      0      0      0      0      0
   VALA1109      1      1      1      1      1      1      1      1      1      1      1
   LYSA1110      1      1      1      1      1      1      1      2      2      2      2
   ILEA1111      1      1      1      1      1      1      1      1      1      1      1
   ASPA1112      1      1      1      1      1      1      1      3      5      5      5
   GLUA1113      1      1      1      1      1      1      1      3      5      5      5
   GLUA1114      1      1      1      1      1      2      1      3      5      5      5
   PHEA1115      1      1      1      1      1      1      1      1      1      1      1
   CYSA1116      1      1      1      1      1      1      1      2      4      4      4
   ARGA1117      1      1      1      1      1      3      2      8     10     10     10
   ARGA1118      1      1      1      1      1      1      1      4      4      4      4
   LEUA1119      1      1      1      1      1      1      1      1      1      1      1
   LYSA1120      1      1      1      1      1      1      1      2      2      2      2
   GLUA1121      1      1      1      1      1      1      1      3      5      5      5
   GLYA1122      0      0      0      0      0      0      0      0      0      0      0
   THRA1123      1      1      1      1      1      1      1      1      2      2      2
   ARGA1124      1      1      1      1      1      1      1      4      5      5      5
   META1125      1      1      1      1      1      1      1      1      1      1      1
   ARGA1126      1      1      1      1      1      1      1      4      4      4      4
   ALAA1127      1      1      1      1      1      1      1      1      1      1      1
   PROA1128      1      1      1      1      1      1      1      1      1      1      1
   ASPA1129      1      1      1      1      1      1      1      3      5      5      5
   TYRA1130      1      1      1      1      1      1      1      2      2      2      2
   THRA1131      1      1      1      1      1      1      1      1      2      2      2
   THRA1132      1      1      1      1      1      1      1      1      2      2      2
   PROA1133      1      1      1      1      1      1      1      1      1      1      1
   GLUA1134      1      1      1      1      1      1      1      3      5      5      5
   META1135      1      1      1      1      1      1      1      1      1      1      1
   TYRA1136      1      1      1      1      1      1      1      2      3      3      3
   GLNA1137      1      1      2      2      2      2      2      2      2      2      2
   THRA1138      1      1      1      1      1      1      1      1      2      2      2
   META1139      1      1      1      1      1      1      1      1      1      1      1
   LEUA1140      1      1      1      1      1      1      1      1      1      1      1
   ASPA1141      1      1      1      1      1      2      2      6     10     10     10
   CYSA1142      1      1      1      1      1      1      1      2      4      4      4
   TRPA1143      1      1      1      1      1      1      1      1      1      1      1
   HISA1144      1      1      2      2      1      1      1      3      3      3      3
   GLYA1145      0      0      0      0      0      0      0      0      0      0      0
   GLUA1146      1      1      1      1      1      1      1      3      5      5      5
   PROA1147      1      1      1      1      1      1      1      1      1      1      1
   SERA1148      1      1      1      1      1      2      1      1      2      2      1
   GLNA1149      1      1      2      2      2      2      2      2      2      2      2
   ARGA1150      1      1      1      1      1      1      1      4      6      6      6
   PROA1151      1      1      1      1      1      1      1      1      1      1      1
   THRA1152      1      1      1      1      1      1      1      1      3      3      3
   PHEA1153      1      1      1      1      1      1      1      1      1      1      1
   SERA1154      1      1      1      1      1      1      1      1      2      2      2
   GLUA1155      1      1      1      1      1      1      1      3      5      5      5
   LEUA1156      1      1      1      1      1      1      1      1      1      1      1
   VALA1157      1      1      1      1      1      1      1      1      1      1      1
   GLUA1158      1      1      1      1      1      1      1      3      5      5      5
   HISA1159      1      1      2      2      2      4      3      9      6      6      6
   LEUA1160      1      1      1      1      1      1      1      1      1      1      1
   GLYA1161      0      0      0      0      0      0      0      0      0      0      0
   ASNA1162      1      1      2      2      2      2      2      2      2      2      2
   LEUA1163      1      1      1      1      1      1      1      1      1      1      1
   LEUA1164      1      1      1      1      1      1      1      1      1      1      1
   GLNA1165      1      1      2      2      2      2      2      2      2      2      2
   ALAA1166      1      1      1      1      1      1      1      1      1      1      1
   ASNA1167      1      1      2      2      2      2      2      2      2      2      2
   LEVA1201      1      1      1      1      1      1      1      3      3      3      3
   Total       261    261    284    284    282    320    292    489    626    626    622
