   Rotamer making statitics:
   Residue   Start  Clean   Swap Rotate   Self  Hbond Repack  Ioni.   TorH     OH  Elect
   LEUA0008      1      1      1      1      0      0      0      0      0      0      0
   ASNA0009      1      1      2      2      0      0      0      0      0      0      0
   ARGA0010      1      1      1      1      0      0      0      0      0      0      0
   ALAA0011      1      1      1      1      0      0      0      0      0      0      0
   LYSA0012      1      1      1      1      0      0      0      0      0      0      0
   ILEA0013      1      1      1      1      0      0      0      0      0      0      0
   ASPA0014      1      1      1      1      0      0      0      0      0      0      0
   SERA0015      1      1      1      1      0      0      0      0      0      0      0
   THRA0016      1      1      1      1      0      0      0      0      0      0      0
   THRA0017      1      1      1      1      0      0      0      0      0      0      0
   META0018      1      1      1      1      0      0      0      0      0      0      0
   LYSA0019      1      1      1      1      0      0      0      0      0      0      0
   ASPA0020      1      1      1      1      0      0      0      0      0      0      0
   PROA0021      1      1      1      1      0      0      0      0      0      0      0
   ARGA0022      1      1      1      1      0      0      0      0      0      0      0
   VALA0023      1      1      1      1      0      0      0      0      0      0      0
   LEUA0024      1      1      1      1      0      0      0      0      0      0      0
   ASNA0025      1      1      2      2      0      0      0      0      0      0      0
   ASNA0026      1      1      2      2      0      0      0      0      0      0      0
   LEUA0027      1      1      1      1      0      0      0      0      0      0      0
   LYSA0028      1      1      1      1      0      0      0      0      0      0      0
   LEUA0029      1      1      1      1      0      0      0      0      0      0      0
   ARGA0030      1      1      1      1      0      0      0      0      0      0      0
   GLUA0031      1      1      1      1      0      0      0      0      0      0      0
   LEUA0032      1      1      1      1      0      0      0      0      0      0      0
   LEUA0033      1      1      1      1      0      0      0      0      0      0      0
   LEUA0034      1      1      1      1      0      0      0      0      0      0      0
   PROA0035      1      1      1      1      0      0      0      0      0      0      0
   LYSA0036      1      1      1      1      0      0      0      0      0      0      0
   PHEA0037      1      1      1      1      0      0      0      0      0      0      0
   THRA0038      1      1      1      1      0      0      0      0      0      0      0
   SERA0039      1      1      1      1      0      0      0      0      0      0      0
   LEUA0040      1      1      1      1      0      0      0      0      0      0      0
   TRPA0041      1      1      1      1      0      0      0      0      0      0      0
   GLUA0042      1      1      1      1      0      0      0      0      0      0      0
   ILEA0043      1      1      1      1      0      0      0      0      0      0      0
   GLNA0044      1      1      2      2      0      0      0      0      0      0      0
   THRA0045      1      1      1      1      0      0      0      0      0      0      0
   GLUA0046      1      1      1      1      0      0      0      0      0      0      0
   VALA0047      1      1      1      1      0      0      0      0      0      0      0
   THRA0048      1      1      1      1      0      0      0      0      0      0      0
   VALA0049      1      1      1      1      0      0      0      0      0      0      0
   ASPA0050      1      1      1      1      0      0      0      0      0      0      0
   ASNA0051      1      1      2      2      0      0      0      0      0      0      0
   ARGA0052      1      1      1      1      0      0      0      0      0      0      0
   THRA0053      1      1      1      1      0      0      0      0      0      0      0
   ILEA0054      1      1      1      1      0      0      0      0      0      0      0
   LEUA0055      1      1      1      1      0      0      0      0      0      0      0
   LEUA0056      1      1      1      1      0      0      0      0      0      0      0
   THRA0057      1      1      1      1      0      0      0      0      0      0      0
   TRPA0058      1      1      1      1      0      0      0      0      0      0      0
   META0059      1      1      1      1      0      0      0      0      0      0      0
   HISA0060      1      1      2      2      0      0      0      0      0      0      0
   LEUA0061      1      1      1      1      0      0      0      0      0      0      0
   LEUA0062      1      1      1      1      0      0      0      0      0      0      0
   CYSA0063      1      1      1      1      0      0      0      0      0      0      0
   GLUA0064      1      1      1      1      0      0      0      0      0      0      0
   SERA0065      1      1      1      1      0      0      0      0      0      0      0
   PHEA0066      1      1      1      1      0      0      0      0      0      0      0
   GLUA0067      1      1      1      1      0      0      0      0      0      0      0
   LEUA0068      1      1      1      1      0      0      0      0      0      0      0
   ASPA0069      1      1      1      1      0      0      0      0      0      0      0
   LYSA0070      1      1      1      1      0      0      0      0      0      0      0
   SERA0071      1      1      1      1      0      0      0      0      0      0      0
   VALA0072      1      1      1      1      0      0      0      0      0      0      0
   PHEA0073      1      1      1      1      0      0      0      0      0      0      0
   PROA0074      1      1      1      1      0      0      0      0      0      0      0
   LEUA0075      1      1      1      1      0      0      0      0      0      0      0
   SERA0076      1      1      1      1      0      0      0      0      0      0      0
   VALA0077      1      1      1      1      0      0      0      0      0      0      0
   SERA0078      1      1      1      1      0      0      0      0      0      0      0
   ILEA0079      1      1      1      1      0      0      0      0      0      0      0
   LEUA0080      1      1      1      1      0      0      0      0      0      0      0
   ASPA0081      1      1      1      1      0      0      0      0      0      0      0
   ARGA0082      1      1      1      1      0      0      0      0      0      0      0
   TYRA0083      1      1      1      1      0      0      0      0      0      0      0
   LEUA0084      1      1      1      1      0      0      0      0      0      0      0
   CYSA0085      1      1      1      1      0      0      0      0      0      0      0
   LYSA0086      1      1      1      1      0      0      0      0      0      0      0
   LYSA0087      1      1      1      1      0      0      0      0      0      0      0
   GLNA0088      1      1      2      2      0      0      0      0      0      0      0
   GLYA0089      0      0      0      0      0      0      0      0      0      0      0
   THRA0090      1      1      1      1      0      0      0      0      0      0      0
   LYSA0091      1      1      1      1      0      0      0      0      0      0      0
   LYSA0092      1      1      1      1      0      0      0      0      0      0      0
   THRA0093      1      1      1      1      0      0      0      0      0      0      0
   LEUA0094      1      1      1      1      0      0      0      0      0      0      0
   GLNA0095      1      1      2      2      0      0      0      0      0      0      0
   LYSA0096      1      1      1      1      0      0      0      0      0      0      0
   ILEA0097      1      1      1      1      0      0      0      0      0      0      0
   GLYA0098      0      0      0      0      0      0      0      0      0      0      0
   ALAA0099      1      1      1      1      0      0      0      0      0      0      0
   ALAA0100      1      1      1      1      0      0      0      0      0      0      0
   CYSA0101      1      1      1      1      0      0      0      0      0      0      0
   VALA0102      1      1      1      1      0      0      0      0      0      0      0
   LEUA0103      1      1      1      1      0      0      0      0      0      0      0
   ILEA0104      1      1      1      1      0      0      0      0      0      0      0
   GLYA0105      0      0      0      0      0      0      0      0      0      0      0
   SERA0106      1      1      1      1      0      0      0      0      0      0      0
   LYSA0107      1      1      1      1      0      0      0      0      0      0      0
   ILEA0108      1      1      1      1      0      0      0      0      0      0      0
   ARGA0109      1      1      1      1      0      0      0      0      0      0      0
   THRA0110      1      1      1      1      0      0      0      0      0      0      0
   VALA0111      1      1      1      1      0      0      0      0      0      0      0
   LYSA0112      1      1      1      1      0      0      0      0      0      0      0
   PROA0113      1      1      1      1      0      0      0      0      0      0      0
   META0114      1      1      1      1      0      0      0      0      0      0      0
   THRA0115      1      1      1      1      0      0      0      0      0      0      0
   VALA0116      1      1      1      1      0      0      0      0      0      0      0
   SERA0117      1      1      1      1      0      0      0      0      0      0      0
   LYSA0118      1      1      1      1      0      0      0      0      0      0      0
   LEUA0119      1      1      1      1      0      0      0      0      0      0      0
   THRA0120      1      1      1      1      0      0      0      0      0      0      0
   TYRA0121      1      1      1      1      0      0      0      0      0      0      0
   LEUA0122      1      1      1      1      0      0      0      0      0      0      0
   SERA0123      1      1      1      1      0      0      0      0      0      0      0
   PHEA0127      1      1      1      1      0      0      0      0      0      0      0
   THRA0128      1      1      1      1      0      0      0      0      0      0      0
   ASNA0129      1      1      2      2      0      0      0      0      0      0      0
   LEUA0130      1      1      1      1      0      0      0      0      0      0      0
   GLUA0131      1      1      1      1      0      0      0      0      0      0      0
   LEUA0132      1      1      1      1      0      0      0      0      0      0      0
   ILEA0133      1      1      1      1      0      0      0      0      0      0      0
   ASNA0134      1      1      2      2      0      0      0      0      0      0      0
   GLNA0135      1      1      2      2      0      0      0      0      0      0      0
   GLUA0136      1      1      1      1      0      0      0      0      0      0      0
   LYSA0137      1      1      1      1      0      0      0      0      0      0      0
   ASPA0138      1      1      1      1      0      0      0      0      0      0      0
   ILEA0139      1      1      1      1      0      0      0      0      0      0      0
   LEUA0140      1      1      1      1      0      0      0      0      0      0      0
   GLUA0141      1      1      1      1      0      0      0      0      0      0      0
   ALAA0142      1      1      1      1      0      0      0      0      0      0      0
   LEUA0143      1      1      1      1      0      0      0      0      0      0      0
   LYSA0144      1      1      1      1      0      0      0      0      0      0      0
   TRPA0145      1      1      1      1      0      0      0      0      0      0      0
   ASPA0146      1      1      1      1      0      0      0      0      0      0      0
   THRA0147      1      1      1      1      0      0      0      0      0      0      0
   GLUA0148      1      1      1      1      0      0      0      0      0      0      0
   ALAA0149      1      1      1      1      0      0      0      0      0      0      0
   VALA0150      1      1      1      1      0      0      0      0      0      0      0
   LEUA0151      1      1      1      1      0      0      0      0      0      0      0
   ALAA0152      1      1      1      1      0      0      0      0      0      0      0
   THRA0153      1      1      1      1      0      0      0      0      0      0      0
   ASPA0154      1      1      1      1      0      0      0      0      0      0      0
   PHEA0155      1      1      1      1      0      0      0      0      0      0      0
   LEUA0156      1      1      1      1      0      0      0      0      0      0      0
   ILEA0157      1      1      1      1      0      0      0      0      0      0      0
   PROA0158      1      1      1      1      0      0      0      0      0      0      0
   LEUA0159      1      1      1      1      0      0      0      0      0      0      0
   CYSA0160      1      1      1      1      0      0      0      0      0      0      0
   ASNA0161      1      1      2      2      0      0      0      0      0      0      0
   ALAA0162      1      1      1      1      0      0      0      0      0      0      0
   LEUA0163      1      1      1      1      0      0      0      0      0      0      0
   LYSA0164      1      1      1      1      0      0      0      0      0      0      0
   ILEA0165      1      1      1      1      0      0      0      0      0      0      0
   PROA0166      1      1      1      1      0      0      0      0      0      0      0
   GLUA0167      1      1      1      1      0      0      0      0      0      0      0
   ASPA0168      1      1      1      1      0      0      0      0      0      0      0
   LEUA0169      1      1      1      1      0      0      0      0      0      0      0
   TRPA0170      1      1      1      1      0      0      0      0      0      0      0
   PROA0171      1      1      1      1      0      0      0      0      0      0      0
   GLNA0172      1      1      2      2      0      0      0      0      0      0      0
   LEUA0173      1      1      1      1      0      0      0      0      0      0      0
   TYRA0174      1      1      1      1      0      0      0      0      0      0      0
   GLUA0175      1      1      1      1      0      0      0      0      0      0      0
   ALAA0176      1      1      1      1      0      0      0      0      0      0      0
   ALAA0177      1      1      1      1      0      0      0      0      0      0      0
   SERA0178      1      1      1      1      0      0      0      0      0      0      0
   THRA0179      1      1      1      1      0      0      0      0      0      0      0
   THRA0180      1      1      1      1      0      0      0      0      0      0      0
   ILEA0181      1      1      1      1      0      0      0      0      0      0      0
   CYSA0182      1      1      1      1      0      0      0      0      0      0      0
   LYSA0183      1      1      1      1      0      0      0      0      0      0      0
   ALAA0184      1      1      1      1      0      0      0      0      0      0      0
   LEUA0185      1      1      1      1      0      0      0      0      0      0      0
   ILEA0186      1      1      1      1      0      0      0      0      0      0      0
   GLNA0187      1      1      2      2      0      0      0      0      0      0      0
   PROA0188      1      1      1      1      0      0      0      0      0      0      0
   ASNA0189      1      1      2      2      0      0      0      0      0      0      0
   ILEA0190      1      1      1      1      0      0      0      0      0      0      0
   ALAA0191      1      1      1      1      0      0      0      0      0      0      0
   LEUA0192      1      1      1      1      0      0      0      0      0      0      0
   LEUA0193      1      1      1      1      0      0      0      0      0      0      0
   SERA0194      1      1      1      1      0      0      0      0      0      0      0
   PROA0195      1      1      1      1      0      0      0      0      0      0      0
   GLYA0196      0      0      0      0      0      0      0      0      0      0      0
   LEUA0197      1      1      1      1      0      0      0      0      0      0      0
   ILEA0198      1      1      1      1      0      0      0      0      0      0      0
   CYSA0199      1      1      1      1      0      0      0      0      0      0      0
   ALAA0200      1      1      1      1      0      0      0      0      0      0      0
   GLYA0201      0      0      0      0      0      0      0      0      0      0      0
   GLYA0202      0      0      0      0      0      0      0      0      0      0      0
   LEUA0203      1      1      1      1      0      0      0      0      0      0      0
   LEUA0204      1      1      1      1      0      0      0      0      0      0      0
   THRA0205      1      1      1      1      0      0      0      0      0      0      0
   THRA0206      1      1      1      1      0      0      0      0      0      0      0
   ILEA0207      1      1      1      1      0      0      0      0      0      0      0
   GLUA0208      1      1      1      1      0      0      0      0      0      0      0
   THRA0209      1      1      1      1      0      0      0      0      0      0      0
   ASPA0210      1      1      1      1      0      0      0      0      0      0      0
   ASNA0211      1      1      2      2      0      0      0      0      0      0      0
   THRA0212      1      1      1      1      0      0      0      0      0      0      0
   ASNA0213      1      1      2      2      0      0      0      0      0      0      0
   CYSA0214      1      1      1      1      0      0      0      0      0      0      0
   ARGA0215      1      1      1      1      0      0      0      0      0      0      0
   PROA0216      1      1      1      1      0      0      0      0      0      0      0
   TRPA0217      1      1      1      1      0      0      0      0      0      0      0
   THRA0218      1      1      1      1      0      0      0      0      0      0      0
   CYSA0219      1      1      1      1      0      0      0      0      0      0      0
   TYRA0220      1      1      1      1      0      0      0      0      0      0      0
   LEUA0221      1      1      1      1      0      0      0      0      0      0      0
   GLUA0222      1      1      1      1      0      0      0      0      0      0      0
   ASPA0223      1      1      1      1      0      0      0      0      0      0      0
   LEUA0224      1      1      1      1      0      0      0      0      0      0      0
   SERA0225      1      1      1      1      0      0      0      0      0      0      0
   SERA0226      1      1      1      1      0      0      0      0      0      0      0
   ILEA0227      1      1      1      1      0      0      0      0      0      0      0
   LEUA0228      1      1      1      1      0      0      0      0      0      0      0
   ASNA0229      1      1      2      2      0      0      0      0      0      0      0
   PHEA0230      1      1      1      1      0      0      0      0      0      0      0
   SERA0231      1      1      1      1      0      0      0      0      0      0      0
   THRA0232      1      1      1      1      0      0      0      0      0      0      0
   ASNA0233      1      1      2      2      0      0      0      0      0      0      0
   THRA0234      1      1      1      1      0      0      0      0      0      0      0
   VALA0235      1      1      1      1      0      0      0      0      0      0      0
   ARGA0236      1      1      1      1      0      0      0      0      0      0      0
   THRA0237      1      1      1      1      0      0      0      0      0      0      0
   VALA0238      1      1      1      1      0      0      0      0      0      0      0
   LYSA0239      1      1      1      1      0      0      0      0      0      0      0
   ASPA0240      1      1      1      1      0      0      0      0      0      0      0
   GLNA0241      1      1      2      2      0      0      0      0      0      0      0
   VALA0242      1      1      1      1      0      0      0      0      0      0      0
   SERA0243      1      1      1      1      0      0      0      0      0      0      0
   GLUA0244      1      1      1      1      0      0      0      0      0      0      0
   ALAA0245      1      1      1      1      0      0      0      0      0      0      0
   PHEA0246      1      1      1      1      0      0      0      0      0      0      0
   SERA0247      1      1      1      1      0      0      0      0      0      0      0
   LEUA0248      1      1      1      1      0      0      0      0      0      0      0
   TYRA0249      1      1      1      1      0      0      0      0      0      0      0
   ASPA0250      1      1      1      1      0      0      0      0      0      0      0
   LEUA0251      1      1      1      1      0      0      0      0      0      0      0
   GLUA0252      1      1      1      1      0      0      0      0      0      0      0
   ILEA0253      1      1      1      1      0      0      0      0      0      0      0
   LEUA0254      1      1      1      1      0      0      0      0      0      0      0
   ASPB0010      1      1      1      1      0      0      0      0      0      0      0
   GLNB0011      1      1      2      2      0      0      0      0      0      0      0
   GLNB0012      1      1      2      2      0      0      0      0      0      0      0
   TYRB0013      1      1      1      1      0      0      0      0      0      0      0
   GLUB0014      1      1      1      1      0      0      0      0      0      0      0
   CYSB0015      1      1      1      1      0      0      0      0      0      0      0
   VALB0016      1      1      1      1      0      0      0      0      0      0      0
   ALAB0017      1      1      1      1      0      0      0      0      0      0      0
   GLUB0018      1      1      1      1      0      0      0      0      0      0      0
   ILEB0019      1      1      1      1      0      0      0      0      0      0      0
   GLYB0020      0      0      0      0      0      0      0      0      0      0      0
   GLUB0021      1      1      1      1      0      0      0      0      0      0      0
   GLYB0022      0      0      0      0      0      0      0      0      0      0      0
   ALAB0023      1      1      1      1      0      0      0      0      0      0      0
   TYRB0024      1      1      1      1      0      0      0      0      0      0      0
   GLYB0025      0      0      0      0      0      0      0      0      0      0      0
   LYSB0026      1      1      1      1      0      0      0      0      0      0      0
   VALB0027      1      1      1      1      0      0      0      0      0      0      0
   PHEB0028      1      1      1      1      0      0      0      0      0      0      0
   LYSB0029      1      1      1      1      0      0      0      0      0      0      0
   ALAB0030      1      1      1      1      0      0      0      0      0      0      0
   ARGB0031      1      1      1      1      0      0      0      0      0      0      0
   ASPB0032      1      1      1      1      0      0      0      0      0      0      0
   LEUB0033      1      1      1      1      0      0      0      0      0      0      0
   LYSB0034      1      1      1      1      0      0      0      0      0      0      0
   ASNB0035      1      1      2      2      0      0      0      0      0      0      0
   GLYB0036      0      0      0      0      0      0      0      0      0      0      0
   GLYB0037      0      0      0      0      0      0      0      0      0      0      0
   ARGB0038      1      1      1      1      0      0      0      0      0      0      0
   PHEB0039      1      1      1      1      0      0      0      0      0      0      0
   VALB0040      1      1      1      1      0      0      0      0      0      0      0
   ALAB0041      1      1      1      1      0      0      0      0      0      0      0
   LEUB0042      1      1      1      1      0      0      0      0      0      0      0
   LYSB0043      1      1      1      1      0      0      0      0      0      0      0
   ARGB0044      1      1      1      1      0      0      0      0      0      0      0
   VALB0045      1      1      1      1      0      0      0      0      0      0      0
   ARGB0046      1      1      1      1      0      0      0      0      0      0      0
   VALB0047      1      1      1      1      0      0      0      0      0      0      0
   GLNB0048      1      1      2      2      0      0      0      0      0      0      0
   THRB0049      1      1      1      1      0      0      0      0      0      0      0
   GLYB0050      0      0      0      0      0      0      0      0      0      0      0
   GLUB0051      1      1      1      1      0      0      0      0      0      0      0
   GLUB0052      1      1      1      1      0      0      0      0      0      0      0
   GLYB0053      0      0      0      0      0      0      0      0      0      0      0
   METB0054      1      1      1      1      0      0      0      0      0      0      0
   PROB0055      1      1      1      1      0      0      0      0      0      0      0
   LEUB0056      1      1      1      1      0      0      0      0      0      0      0
   SERB0057      1      1      1      1      0      0      0      0      0      0      0
   THRB0058      1      1      1      1      0      0      0      0      0      0      0
   ILEB0059      1      1      1      1      0      0      0      0      0      0      0
   ARGB0060      1      1      1      1      0      0      0      0      0      0      0
   GLUB0061      1      1      1      1      0      0      0      0      0      0      0
   VALB0062      1      1      1      1      0      0      0      0      0      0      0
   ALAB0063      1      1      1      1      0      0      0      0      0      0      0
   VALB0064      1      1      1      1      0      0      0      0      0      0      0
   LEUB0065      1      1      1      1      0      0      0      0      0      0      0
   ARGB0066      1      1      1      1      0      0      0      0      0      0      0
   HISB0067      1      1      2      2      0      0      0      0      0      0      0
   LEUB0068      1      1      1      1      0      0      0      0      0      0      0
   GLUB0069      1      1      1      1      0      0      0      0      0      0      0
   THRB0070      1      1      1      1      0      0      0      0      0      0      0
   PHEB0071      1      1      1      1      0      0      0      0      0      0      0
   GLUB0072      1      1      1      1      0      0      0      0      0      0      0
   HISB0073      1      1      2      2      0      0      0      0      0      0      0
   PROB0074      1      1      1      1      0      0      0      0      0      0      0
   ASNB0075      1      1      2      2      0      0      0      0      0      0      0
   VALB0076      1      1      1      1      0      0      0      0      0      0      0
   VALB0077      1      1      1      1      0      0      0      0      0      0      0
   ARGB0078      1      1      1      1      0      0      0      0      0      0      0
   LEUB0079      1      1      1      1      0      0      0      0      0      0      0
   PHEB0080      1      1      1      1      0      0      0      0      0      0      0
   ASPB0081      1      1      1      1      0      0      0      0      0      0      0
   VALB0082      1      1      1      1      0      0      0      0      0      0      0
   CYSB0083      1      1      1      1      0      0      0      0      0      0      0
   THRB0084      1      1      1      1      0      0      0      0      0      0      0
   VALB0085      1      1      1      1      0      0      0      0      0      0      0
   SERB0086      1      1      1      1      0      0      0      0      0      0      0
   ARGB0087      1      1      1      1      0      0      0      0      0      0      0
   THRB0088      1      1      1      1      0      0      0      0      0      0      0
   ASPB0089      1      1      1      1      0      0      0      0      0      0      0
   ARGB0090      1      1      1      1      0      0      0      0      0      0      0
   GLUB0091      1      1      1      1      0      0      0      0      0      0      0
   THRB0092      1      1      1      1      0      0      0      0      0      0      0
   LYSB0093      1      1      1      1      0      0      0      0      0      0      0
   LEUB0094      1      1      1      1      0      0      0      0      0      0      0
   THRB0095      1      1      1      1      0      0      0      0      0      0      0
   LEUB0096      1      1      1      1      0      0      0      0      0      0      0
   VALB0097      1      1      1      1      0      0      0      0      0      0      0
   PHEB0098      1      1      1      1      0      0      0      0      0      0      0
   GLUB0099      1      1      1      1      0      0      0      0      0      0      0
   HISB0100      1      1      2      2      0      0      0      0      0      0      0
   VALB0101      1      1      1      1      0      0      0      0      0      0      0
   ASPB0102      1      1      1      1      0      0      0      0      0      0      0
   GLNB0103      1      1      2      2      0      0      0      0      0      0      0
   ASPB0104      1      1      1      1      0      0      0      0      0      0      0
   LEUB0105      1      1      1      1      0      0      0      0      0      0      0
   THRB0106      1      1      1      1      0      0      0      0      0      0      0
   THRB0107      1      1      1      1      0      0      0      0      0      0      0
   TYRB0108      1      1      1      1      0      0      0      0      0      0      0
   LEUB0109      1      1      1      1      0      0      0      0      0      0      0
   ASPB0110      1      1      1      1      0      0      0      0      0      0      0
   LYSB0111      1      1      1      1      0      0      0      0      0      0      0
   VALB0112      1      1      1      1      0      0      0      0      0      0      0
   PROB0113      1      1      1      1      0      0      0      0      0      0      0
   GLUB0114      1      1      1      1      0      0      0      0      0      0      0
   PROB0115      1      1      1      1      0      0      0      0      0      0      0
   GLYB0116      0      0      0      0      0      0      0      0      0      0      0
   VALB0117      1      1      1      1      0      0      0      0      0      0      0
   PROB0118      1      1      1      1      0      0      0      0      0      0      0
   THRB0119      1      1      1      1      0      0      0      0      0      0      0
   GLUB0120      1      1      1      1      0      0      0      0      0      0      0
   THRB0121      1      1      1      1      0      0      0      0      0      0      0
   ILEB0122      1      1      1      1      0      0      0      0      0      0      0
   LYSB0123      1      1      1      1      0      0      0      0      0      0      0
   ASPB0124      1      1      1      1      0      0      0      0      0      0      0
   METB0125      1      1      1      1      0      0      0      0      0      0      0
   METB0126      1      1      1      1      0      0      0      0      0      0      0
   PHEB0127      1      1      1      1      0      0      0      0      0      0      0
   GLNB0128      1      1      2      2      0      0      0      0      0      0      0
   LEUB0129      1      1      1      1      0      0      0      0      0      0      0
   LEUB0130      1      1      1      1      0      0      0      0      0      0      0
   ARGB0131      1      1      1      1      0      0      0      0      0      0      0
   GLYB0132      0      0      0      0      0      0      0      0      0      0      0
   LEUB0133      1      1      1      1      0      0      0      0      0      0      0
   ASPB0134      1      1      1      1      0      0      0      0      0      0      0
   PHEB0135      1      1      1      1      0      0      0      0      0      0      0
   LEUB0136      1      1      1      1      0      0      0      0      0      0      0
   HISB0137      1      1      2      2      0      0      0      0      0      0      0
   SERB0138      1      1      1      1      0      0      0      0      0      0      0
   HISB0139      1      1      2      2      0      0      0      0      0      0      0
   ARGB0140      1      1      1      1      0      0      0      0      0      0      0
   VALB0141      1      1      1      1      0      0      0      0      0      0      0
   VALB0142      1      1      1      1      0      0      0      0      0      0      0
   HISB0143      1      1      2      2      0      0      0      0      0      0      0
   ARGB0144      1      1      1      1      0      0      0      0      0      0      0
   ASPB0145      1      1      1      1      0      0      0      0      0      0      0
   LEUB0146      1      1      1      1      0      0      0      0      0      0      0
   LYSB0147      1      1      1      1      0      0      0      0      0      0      0
   PROB0148      1      1      1      1      0      0      0      0      0      0      0
   GLNB0149      1      1      2      2      0      0      0      0      0      0      0
   ASNB0150      1      1      2      2      0      0      0      0      0      0      0
   ILEB0151      1      1      1      1      0      0      0      0      0      0      0
   LEUB0152      1      1      1      1      0      0      0      0      0      0      0
   VALB0153      1      1      1      1      0      0      0      0      0      0      0
   THRB0154      1      1      1      1      0      0      0      0      0      0      0
   SERB0155      1      1      1      1      0      0      0      0      0      0      0
   SERB0156      1      1      1      1      0      0      0      0      0      0      0
   GLYB0157      0      0      0      0      0      0      0      0      0      0      0
   GLNB0158      1      1      2      2      0      0      0      0      0      0      0
   ILEB0159      1      1      1      1      0      0      0      0      0      0      0
   LYSB0160      1      1      1      1      0      0      0      0      0      0      0
   LEUB0161      1      1      1      1      0      0      0      0      0      0      0
   ALAB0162      1      1      1      1      0      0      0      0      0      0      0
   ASPB0163      1      1      1      1      0      0      0      0      0      0      0
   PHEB0164      1      1      1      1      0      0      0      0      0      0      0
   GLYB0165      0      0      0      0      0      0      0      0      0      0      0
   LEUB0166      1      1      1      1      0      0      0      0      0      0      0
   ALAB0167      1      1      1      1      0      0      0      0      0      0      0
   ARGB0168      1      1      1      1      0      0      0      0      0      0      0
   ILEB0169      1      1      1      1      0      0      0      0      0      0      0
   TYRB0170      1      1      1      1      0      0      0      0      0      0      0
   SERB0171      1      1      1      1      0      0      0      0      0      0      0
   PHEB0172      1      1      1      1      0      0      0      0      0      0      0
   GLNB0173      1      1      2      2      0      0      0      0      0      0      0
   METB0174      1      1      1      1      0      0      0      0      0      0      0
   ALAB0175      1      1      1      1      0      0      0      0      0      0      0
   LEUB0176      1      1      1      1      0      0      0      0      0      0      0
   THRB0177      1      1      1      1      0      0      0      0      0      0      0
   SERB0178      1      1      1      1      0      0      0      0      0      0      0
   VALB0179      1      1      1      1      0      0      0      0      0      0      0
   VALB0180      1      1      1      1      0      0      0      0      0      0      0
   VALB0181      1      1      1      1      0      0      0      0      0      0      0
   THRB0182      1      1      1      1      0      0      0      0      0      0      0
   LEUB0183      1      1      1      1      0      0      0      0      0      0      0
   TRPB0184      1      1      1      1      0      0      0      0      0      0      0
   TYRB0185      1      1      1      1      0      0      0      0      0      0      0
   ARGB0186      1      1      1      1      0      0      0      0      0      0      0
   ALAB0187      1      1      1      1      0      0      0      0      0      0      0
   PROB0188      1      1      1      1      0      0      0      0      0      0      0
   GLUB0189      1      1      1      1      0      0      0      0      0      0      0
   VALB0190      1      1      1      1      0      0      0      0      0      0      0
   LEUB0191      1      1      1      1      0      0      0      0      0      0      0
   LEUB0192      1      1      1      1      0      0      0      0      0      0      0
   GLNB0193      1      1      2      2      0      0      0      0      0      0      0
   SERB0194      1      1      1      1      0      0      0      0      0      0      0
   SERB0195      1      1      1      1      0      0      0      0      0      0      0
   TYRB0196      1      1      1      1      0      0      0      0      0      0      0
   ALAB0197      1      1      1      1      0      0      0      0      0      0      0
   THRB0198      1      1      1      1      0      0      0      0      0      0      0
   PROB0199      1      1      1      1      0      0      0      0      0      0      0
   VALB0200      1      1      1      1      0      0      0      0      0      0      0
   ASPB0201      1      1      1      1      0      0      0      0      0      0      0
   LEUB0202      1      1      1      1      0      0      0      0      0      0      0
   TRPB0203      1      1      1      1      0      0      0      0      0      0      0
   SERB0204      1      1      1      1      0      0      0      0      0      0      0
   VALB0205      1      1      1      1      0      0      0      0      0      0      0
   GLYB0206      0      0      0      0      0      0      0      0      0      0      0
   CYSB0207      1      1      1      1      0      0      0      0      0      0      0
   ILEB0208      1      1      1      1      0      0      0      0      0      0      0
   PHEB0209      1      1      1      1      0      0      0      0      0      0      0
   ALAB0210      1      1      1      1      0      0      0      0      0      0      0
   GLUB0211      1      1      1      1      0      0      0      0      0      0      0
   METB0212      1      1      1      1      0      0      0      0      0      0      0
   PHEB0213      1      1      1      1      0      0      0      0      0      0      0
   ARGB0214      1      1      1      1      0      0      0      0      0      0      0
   ARGB0215      1      1      1      1      0      0      0      0      0      0      0
   LYSB0216      1      1      1      1      0      0      0      0      0      0      0
   PROB0217      1      1      1      1      0      0      0      0      0      0      0
   LEUB0218      1      1      1      1      0      0      0      0      0      0      0
   PHEB0219      1      1      1      1      0      0      0      0      0      0      0
   ARGB0220      1      1      1      1      0      0      0      0      0      0      0
   GLYB0221      0      0      0      0      0      0      0      0      0      0      0
   SERB0222      1      1      1      1      0      0      0      0      0      0      0
   SERB0223      1      1      1      1      0      0      0      0      0      0      0
   ASPB0224      1      1      1      1      0      0      0      0      0      0      0
   VALB0225      1      1      1      1      0      0      0      0      0      0      0
   ASPB0226      1      1      1      1      0      0      0      0      0      0      0
   GLNB0227      1      1      2      2      0      0      0      0      0      0      0
   LEUB0228      1      1      1      1      0      0      0      0      0      0      0
   GLYB0229      0      0      0      0      0      0      0      0      0      0      0
   LYSB0230      1      1      1      1      0      0      0      0      0      0      0
   ILEB0231      1      1      1      1      0      0      0      0      0      0      0
   LEUB0232      1      1      1      1      0      0      0      0      0      0      0
   ASPB0233      1      1      1      1      0      0      0      0      0      0      0
   VALB0234      1      1      1      1      0      0      0      0      0      0      0
   ILEB0235      1      1      1      1      0      0      0      0      0      0      0
   GLYB0236      0      0      0      0      0      0      0      0      0      0      0
   LEUB0237      1      1      1      1      0      0      0      0      0      0      0
   PROB0238      1      1      1      1      0      0      0      0      0      0      0
   GLYB0239      0      0      0      0      0      0      0      0      0      0      0
   GLUB0240      1      1      1      1      0      0      0      0      0      0      0
   GLUB0241      1      1      1      1      0      0      0      0      0      0      0
   ASPB0242      1      1      1      1      0      0      0      0      0      0      0
   TRPB0243      1      1      1      1      0      0      0      0      0      0      0
   PROB0244      1      1      1      1      0      0      0      0      0      0      0
   ALAB0259      1      1      1      1      0      0      0      0      0      0      0
   GLNB0260      1      1      2      2      0      0      0      0      0      0      0
   PROB0261      1      1      1      1      0      0      0      0      0      0      0
   ILEB0262      1      1      1      1      0      0      0      0      0      0      0
   GLUB0263      1      1      1      1      0      0      0      0      0      0      0
   LYSB0264      1      1      1      1      0      0      0      0      0      0      0
   PHEB0265      1      1      1      1      0      0      0      0      0      0      0
   VALB0266      1      1      1      1      0      0      0      0      0      0      0
   THRB0267      1      1      1      1      0      0      0      0      0      0      0
   ASPB0268      1      1      1      1      0      0      0      0      0      0      0
   ILEB0269      1      1      1      1      0      0      0      0      0      0      0
   ASPB0270      1      1      1      1      0      0      0      0      0      0      0
   GLUB0271      1      1      1      1      0      0      0      0      0      0      0
   LEUB0272      1      1      1      1      0      0      0      0      0      0      0
   GLYB0273      0      0      0      0      0      0      0      0      0      0      0
   LYSB0274      1      1      1      1      0      0      0      0      0      0      0
   ASPB0275      1      1      1      1      0      0      0      0      0      0      0
   LEUB0276      1      1      1      1      0      0      0      0      0      0      0
   LEUB0277      1      1      1      1      0      0      0      0      0      0      0
   LEUB0278      1      1      1      1      0      0      0      0      0      0      0
   LYSB0279      1      1      1      1      0      0      0      0      0      0      0
   CYSB0280      1      1      1      1      0      0      0      0      0      0      0
   LEUB0281      1      1      1      1      0      0      0      0      0      0      0
   THRB0282      1      1      1      1      0      0      0      0      0      0      0
   PHEB0283      1      1      1      1      0      0      0      0      0      0      0
   ASNB0284      1      1      2      2      0      0      0      0      0      0      0
   PROB0285      1      1      1      1      0      0      0      0      0      0      0
   ALAB0286      1      1      1      1      0      0      0      0      0      0      0
   LYSB0287      1      1      1      1      0      0      0      0      0      0      0
   ARGB0288      1      1      1      1      0      0      0      0      0      0      0
   ILEB0289      1      1      1      1      0      0      0      0      0      0      0
   SERB0290      1      1      1      1      0      0      0      0      0      0      0
   ALAB0291      1      1      1      1      0      0      0      0      0      0      0
   TYRB0292      1      1      1      1      0      0      0      0      0      0      0
   SERB0293      1      1      1      1      0      0      0      0      0      0      0
   ALAB0294      1      1      1      1      0      0      0      0      0      0      0
   LEUB0295      1      1      1      1      0      0      0      0      0      0      0
   SERB0296      1      1      1      1      0      0      0      0      0      0      0
   HISB0297      1      1      2      2      0      0      0      0      0      0      0
   PROB0298      1      1      1      1      0      0      0      0      0      0      0
   TYRB0299      1      1      1      1      0      0      0      0      0      0      0
   PHEB0300      1      1      1      1      0      0      0      0      0      0      0
   GLNB0301      1      1      2      2      0      0      0      0      0      0      0
   ASPB0302      1      1      1      1      0      0      0      0      0      0      0
   LEUB0303      1      1      1      1      0      0      0      0      0      0      0
   GLUB0304      1      1      1      1      0      0      0      0      0      0      0
   ARGB0305      1      1      1      1      0      0      0      0      0      0      0
   Total       503    503    546    546      0      0      0      0      0      0      0
