   Rotamer making statitics:
   Residue   Start  Clean   Swap Rotate   Self  Hbond Repack  Ioni.   TorH     OH  Elect
   TRPA0235      1      1      1      1      1      1      1      1      1      1      1
   GLUA0236      1      1      1      1      1      2      1      3      5      5      5
   META0237      1      1      1      1      1      1      1      1      1      1      1
   GLUA0238      1      1      1      1      1      1      1      3      5      5      5
   ARGA0239      1      1      1      1      1      1      1      4      5      5      5
   THRA0240      1      1      1      1      1      2      1      1      3      3      3
   ASPA0241      1      1      1      1      1      1      1      3      5      5      5
   ILEA0242      1      1      1      1      1      1      1      1      1      1      1
   THRA0243      1      1      1      1      1      1      1      1      2      2      2
   META0244      1      1      1      1      1      1      1      1      1      1      1
   LYSA0245      1      1      1      1      1      1      1      2      2      2      2
   HISA0246      1      1      2      2      1      1      1      3      3      3      3
   LYSA0247      1      1      1      1      1      1      1      2      2      2      2
   LEUA0248      1      1      1      1      1      1      1      1      1      1      1
   GLYA0249      0      0      0      0      0      0      0      0      0      0      0
   GLYA0250      0      0      0      0      0      0      0      0      0      0      0
   GLYA0251      0      0      0      0      0      0      0      0      0      0      0
   GLNA0252      1      1      2      2      2      4      2      2      2      2      2
   TYRA0253      1      1      1      1      1      2      2      4      5      5      5
   GLYA0254      0      0      0      0      0      0      0      0      0      0      0
   GLUA0255      1      1      1      1      1      2      1      3      5      5      5
   VALA0256      1      1      1      1      1      1      1      1      1      1      1
   TYRA0257      1      1      1      1      1      1      1      2      3      3      3
   GLUA0258      1      1      1      1      1      1      1      3      5      5      5
   GLYA0259      0      0      0      0      0      0      0      0      0      0      0
   VALA0260      1      1      1      1      1      1      1      1      1      1      1
   TRPA0261      1      1      1      1      1      1      1      1      1      1      1
   LYSA0262      1      1      1      1      1      1      1      2      2      2      2
   LYSA0263      1      1      1      1      1      1      1      2      2      2      2
   TYRA0264      1      1      1      1      1      1      1      2      3      3      3
   SERA0265      1      1      1      1      1      1      1      1      2      2      2
   LEUA0266      1      1      1      1      1      1      1      1      1      1      1
   THRA0267      1      1      1      1      1      1      1      1      1      1      1
   VALA0268      1      1      1      1      1      1      1      1      1      1      1
   ALAA0269      1      1      1      1      1      1      1      1      1      1      1
   VALA0270      1      1      1      1      1      1      1      1      1      1      1
   LYSA0271      1      1      1      1      1      1      1      2      2      2      2
   THRA0272      1      1      1      1      1      1      1      1      2      2      2
   LEUA0273      1      1      1      1      1      1      1      1      1      1      1
   LYSA0274      1      1      1      1      1      1      1      2      2      2      2
   ASPA0276      1      1      1      1      1      1      1      3      5      5      5
   THRA0277      1      1      1      1      1      1      1      1      2      2      2
   META0278      1      1      1      1      1      1      1      1      1      1      1
   GLUA0279      1      1      1      1      1      2      1      3      5      5      5
   VALA0280      1      1      1      1      1      1      1      1      1      1      1
   GLUA0281      1      1      1      1      1      1      1      3      5      5      5
   GLUA0282      1      1      1      1      1      1      1      3      5      5      5
   PHEA0283      1      1      1      1      1      1      1      1      1      1      1
   LEUA0284      1      1      1      1      1      1      1      1      1      1      1
   LYSA0285      1      1      1      1      1      1      1      2      2      2      2
   GLUA0286      1      1      1      1      1      1      1      3      5      5      5
   ALAA0287      1      1      1      1      1      1      1      1      1      1      1
   ALAA0288      1      1      1      1      1      1      1      1      1      1      1
   VALA0289      1      1      1      1      1      1      1      1      1      1      1
   META0290      1      1      1      1      1      1      1      1      1      1      1
   LYSA0291      1      1      1      1      1      1      1      2      2      2      2
   GLUA0292      1      1      1      1      1      1      1      3      5      5      5
   ILEA0293      1      1      1      1      1      1      1      1      1      1      1
   LYSA0294      1      1      1      1      1      1      1      2      2      2      2
   HISA0295      1      1      2      2      2      3      2      6      6      6      6
   PROA0296      1      1      1      1      1      1      1      1      1      1      1
   ASNA0297      1      1      2      2      2      4      2      2      2      2      2
   LEUA0298      1      1      1      1      1      1      1      1      1      1      1
   VALA0299      1      1      1      1      1      1      1      1      1      1      1
   GLNA0300      1      1      2      2      2      2      2      2      2      2      2
   LEUA0301      1      1      1      1      1      1      1      1      1      1      1
   LEUA0302      1      1      1      1      1      1      1      1      1      1      1
   GLYA0303      0      0      0      0      0      0      0      0      0      0      0
   VALA0304      1      1      1      1      1      1      1      1      1      1      1
   CYSA0305      1      1      1      1      1      1      1      2      4      4      4
   THRA0306      1      1      1      1      1      1      1      1      3      3      3
   ARGA0307      1      1      1      1      1      1      1      4      5      5      5
   GLUA0308      1      1      1      1      1      1      1      3      5      5      5
   PROA0309      1      1      1      1      1      1      1      1      1      1      1
   PROA0310      1      1      1      1      1      1      1      1      1      1      1
   PHEA0311      1      1      1      1      1      1      1      1      1      1      1
   TYRA0312      1      1      1      1      1      1      1      2      2      2      2
   ILEA0313      1      1      1      1      1      1      1      1      1      1      1
   ILEA0314      1      1      1      1      1      1      1      1      1      1      1
   THRA0315      1      1      1      1      1      1      1      1      2      2      2
   GLUA0316      1      1      1      1      1      1      1      3      5      5      5
   PHEA0317      1      1      1      1      1      1      1      1      1      1      1
   META0318      1      1      1      1      1      1      1      1      1      1      1
   THRA0319      1      1      1      1      1      1      1      1      2      2      2
   TYRA0320      1      1      1      1      1      1      1      2      3      3      3
   GLYA0321      0      0      0      0      0      0      0      0      0      0      0
   ASNA0322      1      1      2      2      2      5      3      3      3      3      3
   LEUA0323      1      1      1      1      1      1      1      1      1      1      1
   LEUA0324      1      1      1      1      1      1      1      1      1      1      1
   ASPA0325      1      1      1      1      1      1      1      3      5      5      5
   TYRA0326      1      1      1      1      1      2      2      4      6      6      6
   LEUA0327      1      1      1      1      1      1      1      1      1      1      1
   ARGA0328      1      1      1      1      1      1      1      4      4      4      4
   GLUA0329      1      1      1      1      1      1      1      3      5      5      5
   CYSA0330      1      1      1      1      1      1      1      2      4      4      4
   ASNA0331      1      1      2      2      2      2      1      1      1      1      1
   ARGA0332      1      1      1      1      1      1      1      4      4      4      4
   GLNA0333      1      1      2      2      2      2      2      2      2      2      2
   GLUA0334      1      1      1      1      1      1      1      3      5      5      5
   VALA0335      1      1      1      1      1      1      1      1      1      1      1
   ASNA0336      1      1      2      2      2      2      2      2      2      2      2
   ALAA0337      1      1      1      1      1      1      1      1      1      1      1
   VALA0338      1      1      1      1      1      1      1      1      1      1      1
   VALA0339      1      1      1      1      1      1      1      1      1      1      1
   LEUA0340      1      1      1      1      1      1      1      1      1      1      1
   LEUA0341      1      1      1      1      1      1      1      1      1      1      1
   TYRA0342      1      1      1      1      1      1      1      2      3      3      3
   META0343      1      1      1      1      1      1      1      1      1      1      1
   ALAA0344      1      1      1      1      1      1      1      1      1      1      1
   THRA0345      1      1      1      1      1      1      1      1      3      3      3
   GLNA0346      1      1      2      2      2      2      2      2      2      2      2
   ILEA0347      1      1      1      1      1      1      1      1      1      1      1
   SERA0348      1      1      1      1      1      2      1      1      3      3      3
   SERA0349      1      1      1      1      1      2      2      2      5      5      5
   ALAA0350      1      1      1      1      1      1      1      1      1      1      1
   META0351      1      1      1      1      1      1      1      1      1      1      1
   GLUA0352      1      1      1      1      1      2      2      6     10     10     10
   TYRA0353      1      1      1      1      1      1      1      2      2      2      2
   LEUA0354      1      1      1      1      1      1      1      1      1      1      1
   GLUA0355      1      1      1      1      1      1      1      3      5      5      5
   LYSA0356      1      1      1      1      1      2      2      4      4      4      4
   LYSA0357      1      1      1      1      1      1      1      2      2      2      2
   ASNA0358      1      1      2      2      2      2      2      2      2      2      2
   PHEA0359      1      1      1      1      1      1      1      1      1      1      1
   ILEA0360      1      1      1      1      1      1      1      1      1      1      1
   HISA0361      1      1      2      2      1      1      1      3      3      3      3
   ARGA0362      1      1      1      1      1      1      1      4      4      4      4
   ASPA0363      1      1      1      1      1      3      2      6     10     10     10
   LEUA0364      1      1      1      1      1      1      1      1      1      1      1
   ALAA0365      1      1      1      1      1      1      1      1      1      1      1
   ALAA0366      1      1      1      1      1      1      1      1      1      1      1
   ARGA0367      1      1      1      1      1      2      1      4      5      5      5
   ASNA0368      1      1      2      2      2      4      2      2      2      2      2
   CYSA0369      1      1      1      1      1      1      1      2      4      4      4
   LEUA0370      1      1      1      1      1      1      1      1      1      1      1
   VALA0371      1      1      1      1      1      1      1      1      1      1      1
   GLYA0372      0      0      0      0      0      0      0      0      0      0      0
   GLUA0373      1      1      1      1      1      2      1      3      5      5      5
   ASNA0374      1      1      2      2      2      2      2      2      2      2      2
   HISA0375      1      1      2      2      2      3      3      9      6      6      6
   LEUA0376      1      1      1      1      1      1      1      1      1      1      1
   VALA0377      1      1      1      1      1      1      1      1      1      1      1
   LYSA0378      1      1      1      1      1      1      1      2      2      2      2
   VALA0379      1      1      1      1      1      1      1      1      1      1      1
   ALAA0380      1      1      1      1      1      1      1      1      1      1      1
   ASPA0381      1      1      1      1      1      1      1      3      5      5      5
   PHEA0382      1      1      1      1      1      1      1      1      1      1      1
   GLYA0383      0      0      0      0      0      0      0      0      0      0      0
   LEUA0384      1      1      1      1      1      1      1      1      1      1      1
   SERA0385      1      1      1      1      1      1      1      1      2      2      2
   ARGA0386      1      1      1      1      1      1      1      4      6      6      6
   LEUA0387      1      1      1      1      1      1      1      1      1      1      1
   META0388      1      1      1      1      1      1      1      1      1      1      1
   THRA0389      1      1      1      1      1      1      1      1      2      2      2
   GLYA0390      0      0      0      0      0      0      0      0      0      0      0
   ASPA0391      1      1      1      1      1      1      1      3      5      5      5
   THRA0392      1      1      1      1      1      1      1      1      2      2      1
   TYRA0393      1      1      1      1      1      2      2      4      6      6      6
   THRA0394      1      1      1      1      1      1      1      1      2      2      2
   ALAA0395      1      1      1      1      1      1      1      1      1      1      1
   HISA0396      1      1      2      2      2      2      2      6      6      6      6
   ALAA0397      1      1      1      1      1      1      1      1      1      1      1
   GLYA0398      0      0      0      0      0      0      0      0      0      0      0
   ALAA0399      1      1      1      1      1      1      1      1      1      1      1
   LYSA0400      1      1      1      1      1      1      1      2      2      2      2
   PHEA0401      1      1      1      1      1      1      1      1      1      1      1
   PROA0402      1      1      1      1      1      1      1      1      1      1      1
   ILEA0403      1      1      1      1      1      1      1      1      1      1      1
   LYSA0404      1      1      1      1      1      1      1      2      2      2      2
   TRPA0405      1      1      1      1      1      2      1      1      1      1      1
   THRA0406      1      1      1      1      1      1      1      1      2      2      1
   ALAA0407      1      1      1      1      1      1      1      1      1      1      1
   PROA0408      1      1      1      1      1      1      1      1      1      1      1
   GLUA0409      1      1      1      1      1      2      1      3      5      5      5
   SERA0410      1      1      1      1      1      1      1      1      3      3      3
   LEUA0411      1      1      1      1      1      1      1      1      1      1      1
   ALAA0412      1      1      1      1      1      1      1      1      1      1      1
   TYRA0413      1      1      1      1      1      1      1      2      3      3      2
   ASNA0414      1      1      2      2      2      6      2      2      2      2      2
   LYSA0415      1      1      1      1      1      1      1      2      2      2      2
   PHEA0416      1      1      1      1      1      1      1      1      1      1      1
   SERA0417      1      1      1      1      1      1      1      1      2      2      2
   ILEA0418      1      1      1      1      1      1      1      1      1      1      1
   LYSA0419      1      1      1      1      1      1      1      2      2      2      2
   SERA0420      1      1      1      1      1      1      1      1      1      1      1
   ASPA0421      1      1      1      1      1      1      1      3      5      5      5
   VALA0422      1      1      1      1      1      1      1      1      1      1      1
   TRPA0423      1      1      1      1      1      1      1      1      1      1      1
   ALAA0424      1      1      1      1      1      1      1      1      1      1      1
   PHEA0425      1      1      1      1      1      1      1      1      1      1      1
   GLYA0426      0      0      0      0      0      0      0      0      0      0      0
   VALA0427      1      1      1      1      1      1      1      1      1      1      1
   LEUA0428      1      1      1      1      1      1      1      1      1      1      1
   LEUA0429      1      1      1      1      1      1      1      1      1      1      1
   TRPA0430      1      1      1      1      1      1      1      1      1      1      1
   GLUA0431      1      1      1      1      1      1      1      3      5      5      5
   ILEA0432      1      1      1      1      1      1      1      1      1      1      1
   ALAA0433      1      1      1      1      1      1      1      1      1      1      1
   THRA0434      1      1      1      1      1      1      1      1      3      3      3
   TYRA0435      1      1      1      1      1      1      1      2      3      3      3
   GLYA0436      0      0      0      0      0      0      0      0      0      0      0
   META0437      1      1      1      1      1      1      1      1      1      1      1
   SERA0438      1      1      1      1      1      1      1      1      2      2      2
   PROA0439      1      1      1      1      1      1      1      1      1      1      1
   TYRA0440      1      1      1      1      1      1      1      2      3      3      3
   PROA0441      1      1      1      1      1      1      1      1      1      1      1
   GLYA0442      0      0      0      0      0      0      0      0      0      0      0
   ILEA0443      1      1      1      1      1      1      1      1      1      1      1
   ASPA0444      1      1      1      1      1      1      1      3      5      5      5
   LEUA0445      1      1      1      1      1      1      1      1      1      1      1
   SERA0446      1      1      1      1      1      1      1      1      2      2      2
   GLNA0447      1      1      2      2      2      2      2      2      2      2      2
   VALA0448      1      1      1      1      1      1      1      1      1      1      1
   TYRA0449      1      1      1      1      1      1      1      2      3      3      3
   GLUA0450      1      1      1      1      1      1      1      3      5      5      5
   LEUA0451      1      1      1      1      1      1      1      1      1      1      1
   LEUA0452      1      1      1      1      1      1      1      1      1      1      1
   GLUA0453      1      1      1      1      1      1      1      3      5      5      5
   LYSA0454      1      1      1      1      1      1      1      2      2      2      2
   ASPA0455      1      1      1      1      1      1      1      3      5      5      5
   TYRA0456      1      1      1      1      1      1      1      2      2      2      2
   ARGA0457      1      1      1      1      1      1      1      4      5      5      5
   META0458      1      1      1      1      1      1      1      1      1      1      1
   GLUA0459      1      1      1      1      1      1      1      3      5      5      5
   ARGA0460      1      1      1      1      1      1      1      4      5      5      5
   PROA0461      1      1      1      1      1      1      1      1      1      1      1
   GLUA0462      1      1      1      1      1      1      1      3      5      5      5
   GLYA0463      0      0      0      0      0      0      0      0      0      0      0
   CYSA0464      1      1      1      1      1      1      1      2      4      4      4
   PROA0465      1      1      1      1      1      1      1      1      1      1      1
   GLUA0466      1      1      1      1      1      1      1      3      5      5      5
   LYSA0467      1      1      1      1      1      1      1      2      2      2      2
   VALA0468      1      1      1      1      1      1      1      1      1      1      1
   TYRA0469      1      1      1      1      1      1      1      2      3      3      3
   GLUA0470      1      1      1      1      1      1      1      3      5      5      5
   LEUA0471      1      1      1      1      1      1      1      1      1      1      1
   META0472      1      1      1      1      1      1      1      1      1      1      1
   ARGA0473      1      1      1      1      1      2      1      4      5      5      5
   ALAA0474      1      1      1      1      1      1      1      1      1      1      1
   CYSA0475      1      1      1      1      1      1      1      2      4      4      4
   TRPA0476      1      1      1      1      1      1      1      1      1      1      1
   GLNA0477      1      1      2      2      2      2      2      2      2      2      2
   TRPA0478      1      1      1      1      1      1      1      1      1      1      1
   ASNA0479      1      1      2      2      2      4      3      3      2      2      2
   PROA0480      1      1      1      1      1      1      1      1      1      1      1
   SERA0481      1      1      1      1      1      2      2      2      4      4      2
   ASPA0482      1      1      1      1      1      1      1      3      5      5      5
   ARGA0483      1      1      1      1      1      1      1      4      6      6      6
   PROA0484      1      1      1      1      1      1      1      1      1      1      1
   SERA0485      1      1      1      1      1      1      1      1      3      3      3
   PHEA0486      1      1      1      1      1      1      1      1      1      1      1
   ALAA0487      1      1      1      1      1      1      1      1      1      1      1
   GLUA0488      1      1      1      1      1      1      1      3      5      5      5
   ILEA0489      1      1      1      1      1      1      1      1      1      1      1
   HISA0490      1      1      2      2      2      4      3      9      9      9      9
   GLNA0491      1      1      2      2      1      2      2      2      2      2      2
   ALAA0492      1      1      1      1      1      1      1      1      1      1      1
   PHEA0493      1      1      1      1      1      1      1      1      1      1      1
   GLUA0494      1      1      1      1      1      3      1      3      5      5      5
   THRA0495      1      1      1      1      1      1      1      1      3      3      3
   META0496      1      1      1      1      1      1      1      1      1      1      1
   PHEA0497      1      1      1      1      1      1      1      1      1      1      1
   GLNA0498      1      1      2      2      2      2      2      2      2      2      2
   Total       248    248    271    271    268    309    280    455    596    596    591
