   Rotamer making statitics:
   Residue   Start  Clean   Swap Rotate   Self  Hbond Repack  Ioni.   TorH     OH  Elect
   THRA0815      1      1      1      1      1      1      1      1      2      2      1
   ILEA0816      1      1      1      1      1      1      1      1      1      1      1
   PHEA0817      1      1      1      1      1      1      1      1      1      1      1
   GLUA0818      1      1      1      1      1      2      1      3      5      5      5
   GLUA0819      1      1      1      1      1      2      2      6      5      5      5
   ARGA0820      1      1      1      1      1      1      1      4      5      5      5
   HISA0821      1      1      2      2      2      2      2      6      6      6      6
   LEUA0822      1      1      1      1      1      1      1      1      1      1      1
   LYSA0823      1      1      1      1      1      1      1      2      2      2      2
   TYRA0824      1      1      1      1      1      1      1      2      3      3      3
   ILEA0825      1      1      1      1      1      1      1      1      1      1      1
   SERA0826      1      1      1      1      1      1      1      1      1      1      1
   GLNA0827      1      1      2      2      2      4      2      2      2      2      2
   LEUA0828      1      1      1      1      1      1      1      1      1      1      1
   GLYA0829      0      0      0      0      0      0      0      0      0      0      0
   LYSA0830      1      1      1      1      1      1      1      2      2      2      2
   GLYA0831      0      0      0      0      0      0      0      0      0      0      0
   ASNA0832      1      1      2      2      2      2      2      2      2      2      2
   PHEA0833      1      1      1      1      1      1      1      1      1      1      1
   GLYA0834      0      0      0      0      0      0      0      0      0      0      0
   SERA0835      1      1      1      1      1      2      2      2      5      5      4
   VALA0836      1      1      1      1      1      1      1      1      1      1      1
   GLUA0837      1      1      1      1      1      2      1      3      5      5      5
   LEUA0838      1      1      1      1      1      1      1      1      1      1      1
   CYSA0839      1      1      1      1      1      1      1      2      4      4      4
   ARGA0840      1      1      1      1      1      1      1      4      4      4      4
   TYRA0841      1      1      1      1      1      1      1      2      2      2      2
   ASPA0842      1      1      1      1      1      1      1      3      5      5      5
   PROA0843      1      1      1      1      1      1      1      1      1      1      1
   LEUA0844      1      1      1      1      1      1      1      1      1      1      1
   GLYA0845      0      0      0      0      0      0      0      0      0      0      0
   ASPA0846      1      1      1      1      1      1      1      3      5      5      5
   ASNA0847      1      1      2      2      2      2      2      2      2      2      2
   THRA0848      1      1      1      1      1      2      1      1      3      3      3
   GLYA0849      0      0      0      0      0      0      0      0      0      0      0
   ALAA0850      1      1      1      1      1      1      1      1      1      1      1
   LEUA0851      1      1      1      1      1      1      1      1      1      1      1
   VALA0852      1      1      1      1      1      1      1      1      1      1      1
   ALAA0853      1      1      1      1      1      1      1      1      1      1      1
   VALA0854      1      1      1      1      1      1      1      1      1      1      1
   LYSA0855      1      1      1      1      1      2      1      2      2      2      2
   GLNA0856      1      1      2      2      2      2      2      2      2      2      2
   LEUA0857      1      1      1      1      1      1      1      1      1      1      1
   GLNA0858      1      1      2      2      2      2      2      2      2      2      2
   HISA0859      1      1      2      2      2      2      2      6      6      6      6
   SERA0860      1      1      1      1      1      1      1      1      2      2      1
   GLYA0861      0      0      0      0      0      0      0      0      0      0      0
   PROA0862      1      1      1      1      1      1      1      1      1      1      1
   ASPA0863      1      1      1      1      1      1      1      3      5      5      5
   GLNA0864      1      1      2      2      2      2      2      2      2      2      2
   GLNA0865      1      1      2      2      2      2      2      2      2      2      2
   ARGA0866      1      1      1      1      1      1      1      4      6      6      6
   ASPA0867      1      1      1      1      1      2      2      6     10     10     10
   PHEA0868      1      1      1      1      1      1      1      1      1      1      1
   GLNA0869      1      1      2      2      2      2      2      2      2      2      2
   ARGA0870      1      1      1      1      1      1      1      4      5      5      5
   GLUA0871      1      1      1      1      1      1      1      3      5      5      5
   ILEA0872      1      1      1      1      1      1      1      1      1      1      1
   GLNA0873      1      1      2      2      2      2      2      2      2      2      2
   ILEA0874      1      1      1      1      1      1      1      1      1      1      1
   LEUA0875      1      1      1      1      1      1      1      1      1      1      1
   LYSA0876      1      1      1      1      1      1      1      2      2      2      2
   ALAA0877      1      1      1      1      1      1      1      1      1      1      1
   LEUA0878      1      1      1      1      1      1      1      1      1      1      1
   HISA0879      1      1      2      2      2      2      2      6      6      6      6
   SERA0880      1      1      1      1      1      1      1      1      2      2      2
   ASPA0881      1      1      1      1      1      1      1      3      5      5      5
   PHEA0882      1      1      1      1      1      1      1      1      1      1      1
   ILEA0883      1      1      1      1      1      1      1      1      1      1      1
   VALA0884      1      1      1      1      1      1      1      1      1      1      1
   LYSA0885      1      1      1      1      1      1      1      2      2      2      2
   TYRA0886      1      1      1      1      1      1      1      2      2      2      2
   ARGA0887      1      1      1      1      1      1      1      4      4      4      4
   GLYA0888      0      0      0      0      0      0      0      0      0      0      0
   VALA0889      1      1      1      1      1      1      1      1      1      1      1
   SERA0890      1      1      1      1      1      2      2      2      6      6      6
   TYRA0891      1      1      1      1      1      1      1      2      3      3      3
   GLYA0892      0      0      0      0      0      0      0      0      0      0      0
   PROA0893      1      1      1      1      1      1      1      1      1      1      1
   GLYA0894      0      0      0      0      0      0      0      0      0      0      0
   ARGA0895      1      1      1      1      1      1      1      4      5      5      5
   GLNA0896      1      1      2      2      2      2      2      2      2      2      2
   SERA0897      1      1      1      1      1      1      1      1      2      2      2
   LEUA0898      1      1      1      1      1      1      1      1      1      1      1
   ARGA0899      1      1      1      1      1      2      1      4      6      6      6
   LEUA0900      1      1      1      1      1      1      1      1      1      1      1
   VALA0901      1      1      1      1      1      1      1      1      1      1      1
   META0902      1      1      1      1      1      1      1      1      1      1      1
   GLUA0903      1      1      1      1      1      1      1      3      5      5      5
   TYRA0904      1      1      1      1      1      1      1      2      2      2      2
   LEUA0905      1      1      1      1      1      1      1      1      1      1      1
   PROA0906      1      1      1      1      1      1      1      1      1      1      1
   SERA0907      1      1      1      1      1      1      1      1      2      2      2
   GLYA0908      0      0      0      0      0      0      0      0      0      0      0
   CYSA0909      1      1      1      1      1      1      1      2      4      4      4
   LEUA0910      1      1      1      1      1      1      1      1      1      1      1
   ARGA0911      1      1      1      1      1      1      1      4      4      4      4
   ASPA0912      1      1      1      1      1      1      1      3      5      5      5
   PHEA0913      1      1      1      1      1      1      1      1      1      1      1
   LEUA0914      1      1      1      1      1      1      1      1      1      1      1
   GLNA0915      1      1      2      2      2      2      2      2      2      2      2
   ARGA0916      1      1      1      1      1      1      1      4      4      4      4
   HISA0917      1      1      2      2      2      2      2      6      6      6      6
   ARGA0918      1      1      1      1      1      1      1      4      4      4      4
   ALAA0919      1      1      1      1      1      1      1      1      1      1      1
   ARGA0920      1      1      1      1      1      2      1      4      5      5      5
   LEUA0921      1      1      1      1      1      1      1      1      1      1      1
   ASPA0922      1      1      1      1      1      1      1      3      5      5      5
   ALAA0923      1      1      1      1      1      1      1      1      1      1      1
   SERA0924      1      1      1      1      1      1      1      1      2      2      1
   ARGA0925      1      1      1      1      1      1      1      4      5      5      5
   LEUA0926      1      1      1      1      1      1      1      1      1      1      1
   LEUA0927      1      1      1      1      1      1      1      1      1      1      1
   LEUA0928      1      1      1      1      1      1      1      1      1      1      1
   TYRA0929      1      1      1      1      1      1      1      2      3      3      3
   SERA0930      1      1      1      1      1      1      1      1      3      3      3
   SERA0931      1      1      1      1      1      2      2      2      5      5      5
   GLNA0932      1      1      2      2      2      2      2      2      2      2      2
   ILEA0933      1      1      1      1      1      1      1      1      1      1      1
   CYSA0934      1      1      1      1      1      1      1      2      4      4      4
   LYSA0935      1      1      1      1      1      1      1      2      2      2      2
   GLYA0936      0      0      0      0      0      0      0      0      0      0      0
   META0937      1      1      1      1      1      1      1      1      1      1      1
   GLUA0938      1      1      1      1      1      1      1      3      5      5      5
   TYRA0939      1      1      1      1      1      1      1      2      3      3      3
   LEUA0940      1      1      1      1      1      1      1      1      1      1      1
   GLYA0941      0      0      0      0      0      0      0      0      0      0      0
   SERA0942      1      1      1      1      1      1      1      1      3      3      3
   ARGA0943      1      1      1      1      1      1      1      4      4      4      4
   ARGA0944      1      1      1      1      1      2      1      4      6      6      6
   CYSA0945      1      1      1      1      1      1      1      2      4      4      4
   VALA0946      1      1      1      1      1      1      1      1      1      1      1
   HISA0947      1      1      2      2      1      1      1      3      3      3      3
   ARGA0948      1      1      1      1      1      1      1      4      5      5      5
   ASPA0949      1      1      1      1      1      2      1      3      5      5      5
   LEUA0950      1      1      1      1      1      1      1      1      1      1      1
   ALAA0951      1      1      1      1      1      1      1      1      1      1      1
   ALAA0952      1      1      1      1      1      1      1      1      1      1      1
   ARGA0953      1      1      1      1      1      1      1      4      5      5      5
   ASNA0954      1      1      2      2      2      2      2      2      2      2      2
   ILEA0955      1      1      1      1      1      1      1      1      1      1      1
   LEUA0956      1      1      1      1      1      1      1      1      1      1      1
   VALA0957      1      1      1      1      1      1      1      1      1      1      1
   GLUA0958      1      1      1      1      1      3      1      3      5      5      5
   SERA0959      1      1      1      1      1      1      1      1      2      2      2
   GLUA0960      1      1      1      1      1      2      1      3      5      5      5
   ALAA0961      1      1      1      1      1      1      1      1      1      1      1
   HISA0962      1      1      2      2      1      1      1      3      3      3      3
   VALA0963      1      1      1      1      1      1      1      1      1      1      1
   LYSA0964      1      1      1      1      1      1      1      2      2      2      2
   ILEA0965      1      1      1      1      1      1      1      1      1      1      1
   ALAA0966      1      1      1      1      1      1      1      1      1      1      1
   ASPA0967      1      1      1      1      1      1      1      3      5      5      5
   PHEA0968      1      1      1      1      1      1      1      1      1      1      1
   GLYA0969      0      0      0      0      0      0      0      0      0      0      0
   LEUA0970      1      1      1      1      1      1      1      1      1      1      1
   ALAA0971      1      1      1      1      1      1      1      1      1      1      1
   LYSA0972      1      1      1      1      1      1      1      2      2      2      2
   LEUA0973      1      1      1      1      1      1      1      1      1      1      1
   LEUA0974      1      1      1      1      1      1      1      1      1      1      1
   PROA0975      1      1      1      1      1      1      1      1      1      1      1
   LEUA0976      1      1      1      1      1      1      1      1      1      1      1
   ASPA0977      1      1      1      1      1      1      1      3      5      5      5
   LYSA0978      1      1      1      1      1      1      1      2      2      2      2
   ASPA0979      1      1      1      1      1      2      1      3      5      5      5
   TYRA0980      1      1      1      1      1      1      1      2      2      2      2
   TYRA0981      1      1      1      1      1      1      1      2      3      3      3
   VALA0982      1      1      1      1      1      1      1      1      1      1      1
   VALA0983      1      1      1      1      1      1      1      1      1      1      1
   ARGA0984      1      1      1      1      1      1      1      4      6      6      6
   GLUA0985      1      1      1      1      1      1      1      3      5      5      5
   PROA0986      1      1      1      1      1      1      1      1      1      1      1
   GLYA0987      0      0      0      0      0      0      0      0      0      0      0
   GLNA0988      1      1      2      2      2      2      2      2      2      2      2
   SERA0989      1      1      1      1      1      1      1      1      3      3      2
   PROA0990      1      1      1      1      1      1      1      1      1      1      1
   ILEA0991      1      1      1      1      1      1      1      1      1      1      1
   PHEA0992      1      1      1      1      1      1      1      1      1      1      1
   TRPA0993      1      1      1      1      1      2      1      1      1      1      1
   TYRA0994      1      1      1      1      1      1      1      2      3      3      2
   ALAA0995      1      1      1      1      1      1      1      1      1      1      1
   PROA0996      1      1      1      1      1      1      1      1      1      1      1
   GLUA0997      1      1      1      1      1      2      1      3      5      5      5
   SERA0998      1      1      1      1      1      1      1      1      3      3      3
   LEUA0999      1      1      1      1      1      1      1      1      1      1      1
   SERA1000      1      1      1      1      1      2      1      1      3      3      2
   ASPA1001      1      1      1      1      1      1      1      3      5      5      5
   ASNA1002      1      1      2      2      2      2      2      2      2      2      2
   ILEA1003      1      1      1      1      1      1      1      1      1      1      1
   PHEA1004      1      1      1      1      1      1      1      1      1      1      1
   SERA1005      1      1      1      1      1      1      1      1      1      1      1
   ARGA1006      1      1      1      1      1      1      1      4      4      4      4
   GLNA1007      1      1      2      2      2      2      2      2      2      2      2
   SERA1008      1      1      1      1      1      1      1      1      3      3      3
   ASPA1009      1      1      1      1      1      1      1      3      5      5      5
   VALA1010      1      1      1      1      1      1      1      1      1      1      1
   TRPA1011      1      1      1      1      1      1      1      1      1      1      1
   SERA1012      1      1      1      1      1      1      1      1      2      2      2
   PHEA1013      1      1      1      1      1      1      1      1      1      1      1
   GLYA1014      0      0      0      0      0      0      0      0      0      0      0
   VALA1015      1      1      1      1      1      1      1      1      1      1      1
   VALA1016      1      1      1      1      1      1      1      1      1      1      1
   LEUA1017      1      1      1      1      1      1      1      1      1      1      1
   TYRA1018      1      1      1      1      1      1      1      2      3      3      3
   GLUA1019      1      1      1      1      1      1      1      3      5      5      5
   LEUA1020      1      1      1      1      1      1      1      1      1      1      1
   PHEA1021      1      1      1      1      1      1      1      1      1      1      1
   THRA1022      1      1      1      1      1      1      1      1      3      3      3
   TYRA1023      1      1      1      1      1      1      1      2      3      3      3
   CYSA1024      1      1      1      1      1      1      1      2      4      4      4
   ASPA1025      1      1      1      1      1      1      1      3      5      5      5
   LYSA1026      1      1      1      1      1      1      1      2      2      2      2
   SERA1027      1      1      1      1      1      2      1      1      3      3      3
   CYSA1028      1      1      1      1      1      1      1      2      4      4      4
   SERA1029      1      1      1      1      1      2      1      1      2      2      1
   PROA1030      1      1      1      1      1      1      1      1      1      1      1
   SERA1031      1      1      1      1      1      1      1      1      2      2      2
   ALAA1032      1      1      1      1      1      1      1      1      1      1      1
   GLUA1033      1      1      1      1      1      1      1      3      5      5      5
   PHEA1034      1      1      1      1      1      1      1      1      1      1      1
   LEUA1035      1      1      1      1      1      1      1      1      1      1      1
   ARGA1036      1      1      1      1      1      1      1      4      5      5      5
   META1037      1      1      1      1      1      1      1      1      1      1      1
   META1038      1      1      1      1      1      1      1      1      1      1      1
   VALA1044      1      1      1      1      1      1      1      1      1      1      1
   PROA1045      1      1      1      1      1      1      1      1      1      1      1
   ALAA1046      1      1      1      1      1      1      1      1      1      1      1
   LEUA1047      1      1      1      1      1      1      1      1      1      1      1
   SERA1048      1      1      1      1      1      1      1      1      2      2      2
   ARGA1049      1      1      1      1      1      1      1      4      4      4      4
   LEUA1050      1      1      1      1      1      1      1      1      1      1      1
   LEUA1051      1      1      1      1      1      1      1      1      1      1      1
   GLUA1052      1      1      1      1      1      1      1      3      5      5      5
   LEUA1053      1      1      1      1      1      1      1      1      1      1      1
   LEUA1054      1      1      1      1      1      1      1      1      1      1      1
   GLUA1055      1      1      1      1      1      1      1      3      5      5      5
   GLUA1056      1      1      1      1      1      1      1      3      5      5      5
   GLYA1057      0      0      0      0      0      0      0      0      0      0      0
   GLNA1058      1      1      2      2      2      2      2      2      2      2      2
   ARGA1059      1      1      1      1      1      1      1      4      5      5      5
   LEUA1060      1      1      1      1      1      1      1      1      1      1      1
   PROA1061      1      1      1      1      1      1      1      1      1      1      1
   ALAA1062      1      1      1      1      1      1      1      1      1      1      1
   PROA1063      1      1      1      1      1      1      1      1      1      1      1
   PROA1064      1      1      1      1      1      1      1      1      1      1      1
   ALAA1065      1      1      1      1      1      1      1      1      1      1      1
   CYSA1066      1      1      1      1      1      1      1      2      4      4      4
   PROA1067      1      1      1      1      1      1      1      1      1      1      1
   ALAA1068      1      1      1      1      1      1      1      1      1      1      1
   GLUA1069      1      1      1      1      1      1      1      3      5      5      5
   VALA1070      1      1      1      1      1      1      1      1      1      1      1
   HISA1071      1      1      2      2      2      2      2      6      6      6      6
   GLUA1072      1      1      1      1      1      1      1      3      5      5      5
   LEUA1073      1      1      1      1      1      1      1      1      1      1      1
   META1074      1      1      1      1      1      1      1      1      1      1      1
   LYSA1075      1      1      1      1      1      1      1      2      2      2      2
   LEUA1076      1      1      1      1      1      1      1      1      1      1      1
   CYSA1077      1      1      1      1      1      1      1      2      4      4      4
   TRPA1078      1      1      1      1      1      1      1      1      1      1      1
   ALAA1079      1      1      1      1      1      1      1      1      1      1      1
   PROA1080      1      1      1      1      1      1      1      1      1      1      1
   SERA1081      1      1      1      1      1      1      1      1      2      2      2
   PROA1082      1      1      1      1      1      1      1      1      1      1      1
   GLNA1083      1      1      2      2      2      2      1      1      1      1      1
   ASPA1084      1      1      1      1      1      1      1      3      5      5      5
   ARGA1085      1      1      1      1      1      1      1      4      6      6      6
   PROA1086      1      1      1      1      1      1      1      1      1      1      1
   SERA1087      1      1      1      1      1      1      1      1      2      2      2
   PHEA1088      1      1      1      1      1      1      1      1      1      1      1
   SERA1089      1      1      1      1      1      1      1      1      3      3      2
   ALAA1090      1      1      1      1      1      1      1      1      1      1      1
   LEUA1091      1      1      1      1      1      1      1      1      1      1      1
   GLYA1092      0      0      0      0      0      0      0      0      0      0      0
   PROA1093      1      1      1      1      1      1      1      1      1      1      1
   GLNA1094      1      1      2      2      2      2      2      2      2      2      2
   LEUA1095      1      1      1      1      1      1      1      1      1      1      1
   ASPA1096      1      1      1      1      1      2      2      6     10     10     10
   META1097      1      1      1      1      1      1      1      1      1      1      1
   LEUA1098      1      1      1      1      1      1      1      1      1      1      1
   Total       262    262    288    288    286    311    291    484    637    637    628
