   Rotamer making statitics:
   Residue   Start  Clean   Swap Rotate   Self  Hbond Repack  Ioni.   TorH     OH  Elect
   ARGA0602      1      1      1      1      1      1      1      4      5      5      5
   VALA0603      1      1      1      1      1      1      1      1      1      1      1
   ASPA0604      1      1      1      1      1      1      1      3      5      5      5
   PHEA0605      1      1      1      1      1      1      1      1      1      1      1
   PROA0606      1      1      1      1      1      1      1      1      1      1      1
   ARGA0607      1      1      1      1      1      2      1      4      6      6      6
   SERA0608      1      1      1      1      1      1      1      1      1      1      1
   ARGA0609      1      1      1      1      1      2      1      4      6      6      6
   LEUA0610      1      1      1      1      1      1      1      1      1      1      1
   ARGA0611      1      1      1      1      1      1      1      4      5      5      5
   PHEA0612      1      1      1      1      1      1      1      1      1      1      1
   LYSA0613      1      1      1      1      1      1      1      2      2      2      2
   GLUA0614      1      1      1      1      1      1      1      3      5      5      5
   LYSA0615      1      1      1      1      1      1      1      2      2      2      2
   LEUA0616      1      1      1      1      1      1      1      1      1      1      1
   GLYA0617      0      0      0      0      0      0      0      0      0      0      0
   GLUA0618      1      1      1      1      1      1      1      3      5      5      5
   GLYA0619      0      0      0      0      0      0      0      0      0      0      0
   GLNA0620      1      1      2      2      2      2      2      2      2      2      2
   PHEA0621      1      1      1      1      1      1      1      1      1      1      1
   GLYA0622      0      0      0      0      0      0      0      0      0      0      0
   GLUA0623      1      1      1      1      1      1      1      3      5      5      5
   VALA0624      1      1      1      1      1      1      1      1      1      1      1
   HISA0625      1      1      2      2      2      3      1      3      3      3      3
   LEUA0626      1      1      1      1      1      1      1      1      1      1      1
   CYSA0627      1      1      1      1      1      1      1      2      4      4      4
   GLUA0628      1      1      1      1      1      1      1      3      5      5      5
   VALA0629      1      1      1      1      1      1      1      1      1      1      1
   ASPA0630      1      1      1      1      1      2      2      6     10     10     10
   SERA0631      1      1      1      1      1      1      1      1      2      2      2
   PROA0632      1      1      1      1      1      1      1      1      1      1      1
   GLNA0633      1      1      2      2      2      2      1      1      1      1      1
   ASPA0634      1      1      1      1      1      1      1      3      5      5      5
   LEUA0635      1      1      1      1      1      1      1      1      1      1      1
   VALA0636      1      1      1      1      1      1      1      1      1      1      1
   SERA0637      1      1      1      1      1      1      1      1      3      3      3
   LEUA0638      1      1      1      1      1      1      1      1      1      1      1
   ASPA0639      1      1      1      1      1      1      1      3      5      5      5
   PHEA0640      1      1      1      1      1      1      1      1      1      1      1
   PROA0641      1      1      1      1      1      1      1      1      1      1      1
   LEUA0642      1      1      1      1      1      1      1      1      1      1      1
   ASNA0643      1      1      2      2      2      2      2      2      2      2      2
   VALA0644      1      1      1      1      1      1      1      1      1      1      1
   ARGA0645      1      1      1      1      1      1      1      4      6      6      6
   LYSA0646      1      1      1      1      1      1      1      2      2      2      2
   GLYA0647      0      0      0      0      0      0      0      0      0      0      0
   HISA0648      1      1      2      2      2      2      2      6      6      6      6
   PROA0649      1      1      1      1      1      1      1      1      1      1      1
   LEUA0650      1      1      1      1      1      1      1      1      1      1      1
   LEUA0651      1      1      1      1      1      1      1      1      1      1      1
   VALA0652      1      1      1      1      1      1      1      1      1      1      1
   ALAA0653      1      1      1      1      1      1      1      1      1      1      1
   VALA0654      1      1      1      1      1      1      1      1      1      1      1
   LYSA0655      1      1      1      1      1      2      1      2      2      2      2
   ILEA0656      1      1      1      1      1      1      1      1      1      1      1
   LEUA0657      1      1      1      1      1      1      1      1      1      1      1
   ARGA0658      1      1      1      1      1      2      2      8     12     12     12
   PROA0659      1      1      1      1      1      1      1      1      1      1      1
   ASPA0660      1      1      1      1      1      2      2      6     10     10     10
   ALAA0661      1      1      1      1      1      1      1      1      1      1      1
   THRA0662      1      1      1      1      1      1      1      1      2      2      2
   LYSA0663      1      1      1      1      1      1      1      2      2      2      2
   ASNA0664      1      1      2      2      2      2      1      1      1      1      1
   ALAA0665      1      1      1      1      1      1      1      1      1      1      1
   ARGA0666      1      1      1      1      1      1      1      4      6      6      6
   ASNA0667      1      1      2      2      2      2      1      1      1      1      1
   ASPA0668      1      1      1      1      1      1      1      3      5      5      5
   PHEA0669      1      1      1      1      1      1      1      1      1      1      1
   LEUA0670      1      1      1      1      1      1      1      1      1      1      1
   LYSA0671      1      1      1      1      1      1      1      2      2      2      2
   GLUA0672      1      1      1      1      1      2      1      3      5      5      5
   VALA0673      1      1      1      1      1      1      1      1      1      1      1
   LYSA0674      1      1      1      1      1      1      1      2      2      2      2
   ILEA0675      1      1      1      1      1      1      1      1      1      1      1
   META0676      1      1      1      1      1      1      1      1      1      1      1
   SERA0677      1      1      1      1      1      1      1      1      2      2      2
   ARGA0678      1      1      1      1      1      1      1      4      4      4      4
   LEUA0679      1      1      1      1      1      1      1      1      1      1      1
   LYSA0680      1      1      1      1      1      1      1      2      2      2      2
   ASPA0681      1      1      1      1      1      1      1      3      5      5      5
   PROA0682      1      1      1      1      1      1      1      1      1      1      1
   ASNA0683      1      1      2      2      2      2      2      2      2      2      2
   ILEA0684      1      1      1      1      1      1      1      1      1      1      1
   ILEA0685      1      1      1      1      1      1      1      1      1      1      1
   ARGA0686      1      1      1      1      1      1      1      4      4      4      4
   LEUA0687      1      1      1      1      1      1      1      1      1      1      1
   LEUA0688      1      1      1      1      1      1      1      1      1      1      1
   GLYA0689      0      0      0      0      0      0      0      0      0      0      0
   VALA0690      1      1      1      1      1      1      1      1      1      1      1
   CYSA0691      1      1      1      1      1      1      1      2      4      4      4
   VALA0692      1      1      1      1      1      1      1      1      1      1      1
   GLNA0693      1      1      2      2      2      2      2      2      2      2      2
   ASPA0694      1      1      1      1      1      2      2      6      8      8      8
   ASPA0695      1      1      1      1      1      1      1      3      5      5      5
   PROA0696      1      1      1      1      1      1      1      1      1      1      1
   LEUA0697      1      1      1      1      1      1      1      1      1      1      1
   CYSA0698      1      1      1      1      1      1      1      2      4      4      4
   META0699      1      1      1      1      1      1      1      1      1      1      1
   ILEA0700      1      1      1      1      1      1      1      1      1      1      1
   THRA0701      1      1      1      1      1      1      1      1      3      3      3
   ASPA0702      1      1      1      1      1      1      1      3      5      5      5
   TYRA0703      1      1      1      1      1      1      1      2      2      2      2
   META0704      1      1      1      1      1      1      1      1      1      1      1
   GLUA0705      1      1      1      1      1      1      1      3      5      5      5
   ASNA0706      1      1      2      2      2      2      2      2      2      2      2
   GLYA0707      0      0      0      0      0      0      0      0      0      0      0
   ASPA0708      1      1      1      1      1      3      1      3      5      5      5
   LEUA0709      1      1      1      1      1      1      1      1      1      1      1
   ASNA0710      1      1      2      2      2      4      2      2      2      2      2
   GLNA0711      1      1      2      2      2      2      2      2      2      2      2
   PHEA0712      1      1      1      1      1      1      1      1      1      1      1
   LEUA0713      1      1      1      1      1      1      1      1      1      1      1
   SERA0714      1      1      1      1      1      1      1      1      3      3      2
   ALAA0715      1      1      1      1      1      1      1      1      1      1      1
   HISA0716      1      1      2      2      1      1      1      3      3      3      3
   GLNA0717      1      1      2      2      2      2      2      2      2      2      2
   LEUA0718      1      1      1      1      1      1      1      1      1      1      1
   GLUA0719      1      1      1      1      1      1      1      3      5      5      5
   ASPA0720      1      1      1      1      1      1      1      3      5      5      5
   ALAA0732      1      1      1      1      1      1      1      1      1      1      1
   ALAA0733      1      1      1      1      1      1      1      1      1      1      1
   GLNA0734      1      1      2      2      2      2      2      2      2      2      2
   GLYA0735      0      0      0      0      0      0      0      0      0      0      0
   PROA0736      1      1      1      1      1      1      1      1      1      1      1
   THRA0737      1      1      1      1      1      1      1      1      2      2      2
   ILEA0738      1      1      1      1      1      1      1      1      1      1      1
   SERA0739      1      1      1      1      1      1      1      1      2      2      2
   TYRA0740      1      1      1      1      1      1      1      2      3      3      2
   PROA0741      1      1      1      1      1      1      1      1      1      1      1
   META0742      1      1      1      1      1      1      1      1      1      1      1
   LEUA0743      1      1      1      1      1      1      1      1      1      1      1
   LEUA0744      1      1      1      1      1      1      1      1      1      1      1
   HISA0745      1      1      2      2      2      4      3      9      9      9      9
   VALA0746      1      1      1      1      1      1      1      1      1      1      1
   ALAA0747      1      1      1      1      1      1      1      1      1      1      1
   ALAA0748      1      1      1      1      1      1      1      1      1      1      1
   GLNA0749      1      1      2      2      2      6      2      2      2      2      2
   ILEA0750      1      1      1      1      1      1      1      1      1      1      1
   ALAA0751      1      1      1      1      1      1      1      1      1      1      1
   SERA0752      1      1      1      1      1      2      1      1      3      3      3
   GLYA0753      0      0      0      0      0      0      0      0      0      0      0
   META0754      1      1      1      1      1      1      1      1      1      1      1
   ARGA0755      1      1      1      1      1      1      1      4      4      4      4
   TYRA0756      1      1      1      1      1      1      1      2      3      3      3
   LEUA0757      1      1      1      1      1      1      1      1      1      1      1
   ALAA0758      1      1      1      1      1      1      1      1      1      1      1
   THRA0759      1      1      1      1      1      1      1      1      1      1      1
   LEUA0760      1      1      1      1      1      1      1      1      1      1      1
   ASNA0761      1      1      2      2      2      2      2      2      2      2      2
   PHEA0762      1      1      1      1      1      1      1      1      1      1      1
   VALA0763      1      1      1      1      1      1      1      1      1      1      1
   HISA0764      1      1      2      2      1      1      1      3      3      3      3
   ARGA0765      1      1      1      1      1      1      1      4      4      4      4
   ASPA0766      1      1      1      1      1      2      1      3      5      5      5
   LEUA0767      1      1      1      1      1      1      1      1      1      1      1
   ALAA0768      1      1      1      1      1      1      1      1      1      1      1
   THRA0769      1      1      1      1      1      1      1      1      3      3      3
   ARGA0770      1      1      1      1      1      3      1      4      6      6      6
   ASNA0771      1      1      2      2      2      2      2      2      2      2      2
   CYSA0772      1      1      1      1      1      1      1      2      4      4      4
   LEUA0773      1      1      1      1      1      1      1      1      1      1      1
   VALA0774      1      1      1      1      1      1      1      1      1      1      1
   GLYA0775      0      0      0      0      0      0      0      0      0      0      0
   GLUA0776      1      1      1      1      1      1      1      3      5      5      5
   ASNA0777      1      1      2      2      2      2      2      2      2      2      2
   PHEA0778      1      1      1      1      1      1      1      1      1      1      1
   THRA0779      1      1      1      1      1      1      1      1      2      2      2
   ILEA0780      1      1      1      1      1      1      1      1      1      1      1
   LYSA0781      1      1      1      1      1      1      1      2      2      2      2
   ILEA0782      1      1      1      1      1      1      1      1      1      1      1
   ALAA0783      1      1      1      1      1      1      1      1      1      1      1
   ASPA0784      1      1      1      1      1      1      1      3      5      5      5
   PHEA0785      1      1      1      1      1      1      1      1      1      1      1
   GLYA0786      0      0      0      0      0      0      0      0      0      0      0
   META0787      1      1      1      1      1      1      1      1      1      1      1
   SERA0788      1      1      1      1      1      1      1      1      3      3      3
   ARGA0789      1      1      1      1      1      2      1      4      6      6      6
   ASNA0790      1      1      2      2      2      2      1      1      1      1      1
   LEUA0791      1      1      1      1      1      1      1      1      1      1      1
   TYRA0792      1      1      1      1      1      2      1      2      3      3      3
   ALAA0793      1      1      1      1      1      1      1      1      1      1      1
   GLYA0794      0      0      0      0      0      0      0      0      0      0      0
   ASPA0795      1      1      1      1      1      2      1      3      5      5      5
   TYRA0796      1      1      1      1      1      2      1      2      3      3      3
   TYRA0797      1      1      1      1      1      1      1      2      3      3      3
   ARGA0798      1      1      1      1      1      1      1      4      5      5      5
   VALA0799      1      1      1      1      1      1      1      1      1      1      1
   GLNA0800      1      1      2      2      2      2      2      2      2      2      2
   GLYA0801      0      0      0      0      0      0      0      0      0      0      0
   ARGA0802      1      1      1      1      1      1      1      4      4      4      4
   ALAA0803      1      1      1      1      1      1      1      1      1      1      1
   VALA0804      1      1      1      1      1      1      1      1      1      1      1
   LEUA0805      1      1      1      1      1      1      1      1      1      1      1
   PROA0806      1      1      1      1      1      1      1      1      1      1      1
   ILEA0807      1      1      1      1      1      1      1      1      1      1      1
   ARGA0808      1      1      1      1      1      1      1      4      5      5      5
   TRPA0809      1      1      1      1      1      1      1      1      1      1      1
   META0810      1      1      1      1      1      1      1      1      1      1      1
   ALAA0811      1      1      1      1      1      1      1      1      1      1      1
   TRPA0812      1      1      1      1      1      1      1      1      1      1      1
   GLUA0813      1      1      1      1      1      1      1      3      5      5      5
   CYSA0814      1      1      1      1      1      1      1      2      4      4      4
   ILEA0815      1      1      1      1      1      1      1      1      1      1      1
   LEUA0816      1      1      1      1      1      1      1      1      1      1      1
   META0817      1      1      1      1      1      1      1      1      1      1      1
   GLYA0818      0      0      0      0      0      0      0      0      0      0      0
   LYSA0819      1      1      1      1      1      1      1      2      2      2      2
   PHEA0820      1      1      1      1      1      1      1      1      1      1      1
   THRA0821      1      1      1      1      1      1      1      1      1      1      1
   THRA0822      1      1      1      1      1      1      1      1      2      2      1
   ALAA0823      1      1      1      1      1      1      1      1      1      1      1
   SERA0824      1      1      1      1      1      1      1      1      3      3      3
   ASPA0825      1      1      1      1      1      1      1      3      5      5      5
   VALA0826      1      1      1      1      1      1      1      1      1      1      1
   TRPA0827      1      1      1      1      1      1      1      1      1      1      1
   ALAA0828      1      1      1      1      1      1      1      1      1      1      1
   PHEA0829      1      1      1      1      1      1      1      1      1      1      1
   GLYA0830      0      0      0      0      0      0      0      0      0      0      0
   VALA0831      1      1      1      1      1      1      1      1      1      1      1
   THRA0832      1      1      1      1      1      1      1      1      3      3      3
   LEUA0833      1      1      1      1      1      1      1      1      1      1      1
   TRPA0834      1      1      1      1      1      1      1      1      1      1      1
   GLUA0835      1      1      1      1      1      2      1      3      5      5      5
   VALA0836      1      1      1      1      1      1      1      1      1      1      1
   LEUA0837      1      1      1      1      1      1      1      1      1      1      1
   META0838      1      1      1      1      1      1      1      1      1      1      1
   LEUA0839      1      1      1      1      1      1      1      1      1      1      1
   CYSA0840      1      1      1      1      1      1      1      2      4      4      4
   ARGA0841      1      1      1      1      1      1      1      4      5      5      5
   ALAA0842      1      1      1      1      1      1      1      1      1      1      1
   GLNA0843      1      1      2      2      2      4      2      2      2      2      2
   PROA0844      1      1      1      1      1      1      1      1      1      1      1
   PHEA0845      1      1      1      1      1      1      1      1      1      1      1
   GLYA0846      0      0      0      0      0      0      0      0      0      0      0
   GLNA0847      1      1      2      2      2      2      1      1      1      1      1
   LEUA0848      1      1      1      1      1      1      1      1      1      1      1
   THRA0849      1      1      1      1      1      2      1      1      3      3      3
   ASPA0850      1      1      1      1      1      1      1      3      5      5      5
   GLUA0851      1      1      1      1      1      1      1      3      5      5      5
   GLNA0852      1      1      2      2      2      2      2      2      2      2      2
   VALA0853      1      1      1      1      1      1      1      1      1      1      1
   ILEA0854      1      1      1      1      1      1      1      1      1      1      1
   GLUA0855      1      1      1      1      1      1      1      3      5      5      5
   ASNA0856      1      1      2      2      1      1      1      1      1      1      1
   ALAA0857      1      1      1      1      1      1      1      1      1      1      1
   GLYA0858      0      0      0      0      0      0      0      0      0      0      0
   GLUA0859      1      1      1      1      1      1      1      3      5      5      5
   PHEA0860      1      1      1      1      1      1      1      1      1      1      1
   PHEA0861      1      1      1      1      1      1      1      1      1      1      1
   ARGA0862      1      1      1      1      1      1      1      4      6      6      6
   ASPA0863      1      1      1      1      1      1      1      3      5      5      5
   GLNA0864      1      1      2      2      2      2      1      1      1      1      1
   GLYA0865      0      0      0      0      0      0      0      0      0      0      0
   ARGA0866      1      1      1      1      1      1      1      4      6      6      6
   GLNA0867      1      1      2      2      2      2      2      2      2      2      2
   VALA0868      1      1      1      1      1      1      1      1      1      1      1
   TYRA0869      1      1      1      1      1      2      1      2      2      2      2
   LEUA0870      1      1      1      1      1      1      1      1      1      1      1
   SERA0871      1      1      1      1      1      1      1      1      2      2      1
   ARGA0872      1      1      1      1      1      1      1      4      5      5      5
   PROA0873      1      1      1      1      1      1      1      1      1      1      1
   PROA0874      1      1      1      1      1      1      1      1      1      1      1
   ALAA0875      1      1      1      1      1      1      1      1      1      1      1
   CYSA0876      1      1      1      1      1      1      1      2      4      4      4
   PROA0877      1      1      1      1      1      1      1      1      1      1      1
   GLNA0878      1      1      2      2      2      2      2      2      2      2      2
   GLYA0879      0      0      0      0      0      0      0      0      0      0      0
   LEUA0880      1      1      1      1      1      1      1      1      1      1      1
   TYRA0881      1      1      1      1      1      1      1      2      3      3      3
   GLUA0882      1      1      1      1      1      1      1      3      5      5      5
   LEUA0883      1      1      1      1      1      1      1      1      1      1      1
   META0884      1      1      1      1      1      1      1      1      1      1      1
   LEUA0885      1      1      1      1      1      1      1      1      1      1      1
   ARGA0886      1      1      1      1      1      1      1      4      4      4      4
   CYSA0887      1      1      1      1      1      1      1      2      4      4      4
   TRPA0888      1      1      1      1      1      1      1      1      1      1      1
   SERA0889      1      1      1      1      1      1      1      1      3      3      2
   ARGA0890      1      1      1      1      1      1      1      4      6      6      6
   GLUA0891      1      1      1      1      1      2      1      3      5      5      5
   SERA0892      1      1      1      1      1      1      1      1      2      2      1
   GLUA0893      1      1      1      1      1      1      1      3      5      5      5
   GLNA0894      1      1      2      2      2      2      2      2      2      2      2
   ARGA0895      1      1      1      1      1      1      1      4      6      6      6
   PROA0896      1      1      1      1      1      1      1      1      1      1      1
   PROA0897      1      1      1      1      1      1      1      1      1      1      1
   PHEA0898      1      1      1      1      1      1      1      1      1      1      1
   SERA0899      1      1      1      1      1      1      1      1      1      1      1
   GLNA0900      1      1      2      2      2      2      2      2      2      2      2
   LEUA0901      1      1      1      1      1      1      1      1      1      1      1
   HISA0902      1      1      2      2      2      2      2      6      6      6      6
   ARGA0903      1      1      1      1      1      1      1      4      5      5      5
   PHEA0904      1      1      1      1      1      1      1      1      1      1      1
   LEUA0905      1      1      1      1      1      1      1      1      1      1      1
   ALAA0906      1      1      1      1      1      1      1      1      1      1      1
   GLUA0907      1      1      1      1      1      1      1      3      5      5      5
   ASPA0908      1      1      1      1      1      1      1      3      5      5      5
   ALAA0909      1      1      1      1      1      1      1      1      1      1      1
   LEUA0910      1      1      1      1      1      1      1      1      1      1      1
   ASNA0911      1      1      2      2      2      2      2      2      2      2      2
   THRA0912      1      1      1      1      1      1      1      1      2      2      2
   VALA0913      1      1      1      1      1      1      1      1      1      1      1
   0LIA1000      1      1      1      1      1      1      1      3      6      6      6
   0LIA1004      1      1      1      1      1      1      1      3      4      4      3
   Total       285    285    319    319    316    349    314    517    680    680    673
