   Rotamer making statitics:
   Residue   Start  Clean   Swap Rotate   Self  Hbond Repack  Ioni.   TorH     OH  Elect
   HISA1052      1      1      2      2      2      2      2      6      6      6      6
   ILEA1053      1      1      1      1      1      1      1      1      1      1      1
   ASPA1054      1      1      1      1      1      1      1      3      5      5      5
   LEUA1055      1      1      1      1      1      1      1      1      1      1      1
   SERA1056      1      1      1      1      1      1      1      1      2      2      1
   ALAA1057      1      1      1      1      1      1      1      1      1      1      1
   LEUA1058      1      1      1      1      1      1      1      1      1      1      1
   ASNA1059      1      1      2      2      2      2      2      2      2      2      2
   PROA1060      1      1      1      1      1      1      1      1      1      1      1
   GLUA1061      1      1      1      1      1      1      1      3      5      5      5
   LEUA1062      1      1      1      1      1      1      1      1      1      1      1
   VALA1063      1      1      1      1      1      1      1      1      1      1      1
   GLNA1064      1      1      2      2      2      2      2      2      2      2      2
   ALAA1065      1      1      1      1      1      1      1      1      1      1      1
   VALA1066      1      1      1      1      1      1      1      1      1      1      1
   GLNA1067      1      1      2      2      2      2      2      2      2      2      2
   HISA1068      1      1      2      2      2      2      2      6      6      6      6
   VALA1069      1      1      1      1      1      1      1      1      1      1      1
   VALA1070      1      1      1      1      1      1      1      1      1      1      1
   ILEA1071      1      1      1      1      1      1      1      1      1      1      1
   GLYA1072      0      0      0      0      0      0      0      0      0      0      0
   PROA1073      1      1      1      1      1      1      1      1      1      1      1
   SERA1074      1      1      1      1      1      1      1      1      1      1      1
   SERA1075      1      1      1      1      1      1      1      1      2      2      2
   LEUA1076      1      1      1      1      1      1      1      1      1      1      1
   ILEA1077      1      1      1      1      1      1      1      1      1      1      1
   VALA1078      1      1      1      1      1      1      1      1      1      1      1
   HISA1079      1      1      2      2      2      2      2      6      6      6      6
   PHEA1080      1      1      1      1      1      1      1      1      1      1      1
   ASNA1081      1      1      2      2      2      2      2      2      2      2      2
   GLUA1082      1      1      1      1      1      1      1      3      5      5      5
   VALA1083      1      1      1      1      1      1      1      1      1      1      1
   ILEA1084      1      1      1      1      1      1      1      1      1      1      1
   GLYA1085      0      0      0      0      0      0      0      0      0      0      0
   ARGA1086      1      1      1      1      1      1      1      4      5      5      5
   GLYA1087      0      0      0      0      0      0      0      0      0      0      0
   HISA1088      1      1      2      2      2      2      2      6      6      6      6
   PHEA1089      1      1      1      1      1      1      1      1      1      1      1
   GLYA1090      0      0      0      0      0      0      0      0      0      0      0
   CYSA1091      1      1      1      1      1      1      1      2      4      4      4
   VALA1092      1      1      1      1      1      1      1      1      1      1      1
   TYRA1093      1      1      1      1      1      1      1      2      2      2      2
   HISA1094      1      1      2      2      2      4      3      9      9      9      9
   GLYA1095      0      0      0      0      0      0      0      0      0      0      0
   THRA1096      1      1      1      1      1      1      1      1      2      2      2
   LEUA1097      1      1      1      1      1      1      1      1      1      1      1
   LEUA1098      1      1      1      1      1      1      1      1      1      1      1
   LYSA1103      1      1      1      1      1      1      1      2      2      2      2
   LYSA1104      1      1      1      1      1      1      1      2      2      2      2
   ILEA1105      1      1      1      1      1      1      1      1      1      1      1
   HISA1106      1      1      2      2      2      3      2      6      6      6      6
   CYSA1107      1      1      1      1      1      1      1      2      4      4      4
   ALAA1108      1      1      1      1      1      1      1      1      1      1      1
   VALA1109      1      1      1      1      1      1      1      1      1      1      1
   LYSA1110      1      1      1      1      1      3      1      2      2      2      2
   SERA1111      1      1      1      1      1      1      1      1      3      3      3
   LEUA1112      1      1      1      1      1      1      1      1      1      1      1
   ASNA1113      1      1      2      2      2      4      3      3      3      3      3
   ARGA1114      1      1      1      1      1      1      1      4      4      4      4
   ILEA1115      1      1      1      1      1      1      1      1      1      1      1
   THRA1116      1      1      1      1      1      1      1      1      2      2      1
   ASPA1117      1      1      1      1      1      1      1      3      5      5      5
   ILEA1118      1      1      1      1      1      1      1      1      1      1      1
   GLYA1119      0      0      0      0      0      0      0      0      0      0      0
   GLUA1120      1      1      1      1      1      1      1      3      5      5      5
   VALA1121      1      1      1      1      1      1      1      1      1      1      1
   SERA1122      1      1      1      1      1      1      1      1      3      3      3
   GLNA1123      1      1      2      2      2      2      2      2      2      2      2
   PHEA1124      1      1      1      1      1      1      1      1      1      1      1
   LEUA1125      1      1      1      1      1      1      1      1      1      1      1
   THRA1126      1      1      1      1      1      1      1      1      3      3      2
   GLUA1127      1      1      1      1      1      1      1      3      5      5      5
   GLYA1128      0      0      0      0      0      0      0      0      0      0      0
   ILEA1129      1      1      1      1      1      1      1      1      1      1      1
   ILEA1130      1      1      1      1      1      1      1      1      1      1      1
   META1131      1      1      1      1      1      1      1      1      1      1      1
   LYSA1132      1      1      1      1      1      1      1      2      2      2      2
   ASPA1133      1      1      1      1      1      1      1      3      5      5      5
   PHEA1134      1      1      1      1      1      1      1      1      1      1      1
   SERA1135      1      1      1      1      1      1      1      1      1      1      1
   HISA1136      1      1      2      2      1      1      1      3      3      3      3
   PROA1137      1      1      1      1      1      1      1      1      1      1      1
   ASNA1138      1      1      2      2      2      2      2      2      2      2      2
   VALA1139      1      1      1      1      1      1      1      1      1      1      1
   LEUA1140      1      1      1      1      1      1      1      1      1      1      1
   SERA1141      1      1      1      1      1      1      1      1      2      2      1
   LEUA1142      1      1      1      1      1      1      1      1      1      1      1
   LEUA1143      1      1      1      1      1      1      1      1      1      1      1
   GLYA1144      0      0      0      0      0      0      0      0      0      0      0
   ILEA1145      1      1      1      1      1      1      1      1      1      1      1
   CYSA1146      1      1      1      1      1      1      1      2      4      4      4
   LEUA1147      1      1      1      1      1      1      1      1      1      1      1
   ARGA1148      1      1      1      1      1      1      1      4      4      4      4
   SERA1149      1      1      1      1      1      1      1      1      2      2      1
   GLUA1150      1      1      1      1      1      1      1      3      5      5      5
   GLYA1151      0      0      0      0      0      0      0      0      0      0      0
   SERA1152      1      1      1      1      1      2      1      1      2      2      1
   PROA1153      1      1      1      1      1      1      1      1      1      1      1
   LEUA1154      1      1      1      1      1      1      1      1      1      1      1
   VALA1155      1      1      1      1      1      1      1      1      1      1      1
   VALA1156      1      1      1      1      1      1      1      1      1      1      1
   LEUA1157      1      1      1      1      1      1      1      1      1      1      1
   PROA1158      1      1      1      1      1      1      1      1      1      1      1
   TYRA1159      1      1      1      1      1      1      1      2      3      3      3
   META1160      1      1      1      1      1      1      1      1      1      1      1
   LYSA1161      1      1      1      1      1      1      1      2      2      2      2
   HISA1162      1      1      2      2      1      1      1      3      3      3      3
   GLYA1163      0      0      0      0      0      0      0      0      0      0      0
   ASPA1164      1      1      1      1      1      2      1      3      5      5      5
   LEUA1165      1      1      1      1      1      1      1      1      1      1      1
   ARGA1166      1      1      1      1      1      1      1      4      5      5      5
   ASNA1167      1      1      2      2      2      3      2      2      2      2      2
   PHEA1168      1      1      1      1      1      1      1      1      1      1      1
   ILEA1169      1      1      1      1      1      1      1      1      1      1      1
   ARGA1170      1      1      1      1      1      1      1      4      4      4      4
   ASNA1171      1      1      2      2      2      2      1      1      1      1      1
   GLUA1172      1      1      1      1      1      1      1      3      5      5      5
   THRA1173      1      1      1      1      1      1      1      1      3      3      3
   HISA1174      1      1      2      2      2      2      2      6      6      6      6
   ASNA1175      1      1      2      2      2      2      2      2      2      2      2
   PROA1176      1      1      1      1      1      1      1      1      1      1      1
   THRA1177      1      1      1      1      1      1      1      1      2      2      2
   VALA1178      1      1      1      1      1      1      1      1      1      1      1
   LYSA1179      1      1      1      1      1      1      1      2      2      2      2
   ASPA1180      1      1      1      1      1      2      1      3      5      5      5
   LEUA1181      1      1      1      1      1      1      1      1      1      1      1
   ILEA1182      1      1      1      1      1      1      1      1      1      1      1
   GLYA1183      0      0      0      0      0      0      0      0      0      0      0
   PHEA1184      1      1      1      1      1      1      1      1      1      1      1
   GLYA1185      0      0      0      0      0      0      0      0      0      0      0
   LEUA1186      1      1      1      1      1      1      1      1      1      1      1
   GLNA1187      1      1      2      2      2      2      2      2      2      2      2
   VALA1188      1      1      1      1      1      1      1      1      1      1      1
   ALAA1189      1      1      1      1      1      1      1      1      1      1      1
   LYSA1190      1      1      1      1      1      1      1      2      2      2      2
   GLYA1191      0      0      0      0      0      0      0      0      0      0      0
   META1192      1      1      1      1      1      1      1      1      1      1      1
   LYSA1193      1      1      1      1      1      1      1      2      2      2      2
   TYRA1194      1      1      1      1      1      1      1      2      2      2      2
   LEUA1195      1      1      1      1      1      1      1      1      1      1      1
   ALAA1196      1      1      1      1      1      1      1      1      1      1      1
   SERA1197      1      1      1      1      1      1      1      1      2      2      2
   LYSA1198      1      1      1      1      1      1      1      2      2      2      2
   LYSA1199      1      1      1      1      1      1      1      2      2      2      2
   PHEA1200      1      1      1      1      1      1      1      1      1      1      1
   VALA1201      1      1      1      1      1      1      1      1      1      1      1
   HISA1202      1      1      2      2      2      2      2      6      6      6      6
   ARGA1203      1      1      1      1      1      1      1      4      4      4      4
   ASPA1204      1      1      1      1      1      4      1      3      5      5      5
   LEUA1205      1      1      1      1      1      1      1      1      1      1      1
   ALAA1206      1      1      1      1      1      1      1      1      1      1      1
   ALAA1207      1      1      1      1      1      1      1      1      1      1      1
   ARGA1208      1      1      1      1      1      2      1      4      5      5      5
   ASNA1209      1      1      2      2      2      4      2      2      2      2      2
   CYSA1210      1      1      1      1      1      1      1      2      4      4      4
   META1211      1      1      1      1      1      1      1      1      1      1      1
   LEUA1212      1      1      1      1      1      1      1      1      1      1      1
   ASPA1213      1      1      1      1      1      1      1      3      5      5      5
   GLUA1214      1      1      1      1      1      1      1      3      5      5      5
   LYSA1215      1      1      1      1      1      1      1      2      2      2      2
   PHEA1216      1      1      1      1      1      1      1      1      1      1      1
   THRA1217      1      1      1      1      1      1      1      1      2      2      2
   VALA1218      1      1      1      1      1      1      1      1      1      1      1
   LYSA1219      1      1      1      1      1      1      1      2      2      2      2
   VALA1220      1      1      1      1      1      1      1      1      1      1      1
   ALAA1221      1      1      1      1      1      1      1      1      1      1      1
   ASPA1222      1      1      1      1      1      1      1      3      5      5      5
   PHEA1223      1      1      1      1      1      1      1      1      1      1      1
   GLYA1224      0      0      0      0      0      0      0      0      0      0      0
   LEUA1225      1      1      1      1      1      1      1      1      1      1      1
   ALAA1226      1      1      1      1      1      1      1      1      1      1      1
   ARGA1227      1      1      1      1      1      1      1      4      4      4      4
   ASPA1228      1      1      1      1      1      1      1      3      5      5      5
   META1229      1      1      1      1      1      1      1      1      1      1      1
   TYRA1230      1      1      1      1      1      2      1      2      3      3      3
   ASPA1231      1      1      1      1      1      1      1      3      5      5      5
   LYSA1232      1      1      1      1      1      1      1      2      2      2      2
   GLUA1233      1      1      1      1      1      1      1      3      5      5      5
   TYRA1234      1      1      1      1      1      1      1      2      3      3      3
   TYRA1235      1      1      1      1      1      2      1      2      3      3      3
   SERA1236      1      1      1      1      1      1      1      1      2      2      2
   VALA1237      1      1      1      1      1      1      1      1      1      1      1
   HISA1238      1      1      2      2      2      2      1      3      3      3      3
   ASNA1239      1      1      2      2      2      4      2      2      2      2      2
   LYSA1240      1      1      1      1      1      1      1      2      2      2      2
   THRA1241      1      1      1      1      1      1      1      1      3      3      3
   GLYA1242      0      0      0      0      0      0      0      0      0      0      0
   ALAA1243      1      1      1      1      1      1      1      1      1      1      1
   LYSA1244      1      1      1      1      1      1      1      2      2      2      2
   LEUA1245      1      1      1      1      1      1      1      1      1      1      1
   PROA1246      1      1      1      1      1      1      1      1      1      1      1
   VALA1247      1      1      1      1      1      1      1      1      1      1      1
   LYSA1248      1      1      1      1      1      1      1      2      2      2      2
   TRPA1249      1      1      1      1      1      2      1      1      1      1      1
   META1250      1      1      1      1      1      1      1      1      1      1      1
   ALAA1251      1      1      1      1      1      1      1      1      1      1      1
   LEUA1252      1      1      1      1      1      1      1      1      1      1      1
   GLUA1253      1      1      1      1      1      2      1      3      5      5      5
   SERA1254      1      1      1      1      1      1      1      1      3      3      3
   LEUA1255      1      1      1      1      1      1      1      1      1      1      1
   GLNA1256      1      1      2      2      2      2      2      2      2      2      2
   THRA1257      1      1      1      1      1      1      1      1      2      2      2
   GLNA1258      1      1      2      2      2      2      2      2      2      2      2
   LYSA1259      1      1      1      1      1      1      1      2      2      2      2
   PHEA1260      1      1      1      1      1      1      1      1      1      1      1
   THRA1261      1      1      1      1      1      1      1      1      1      1      1
   THRA1262      1      1      1      1      1      1      1      1      2      2      1
   LYSA1263      1      1      1      1      1      1      1      2      2      2      2
   SERA1264      1      1      1      1      1      1      1      1      3      3      3
   ASPA1265      1      1      1      1      1      1      1      3      5      5      5
   VALA1266      1      1      1      1      1      1      1      1      1      1      1
   TRPA1267      1      1      1      1      1      1      1      1      1      1      1
   SERA1268      1      1      1      1      1      1      1      1      2      2      2
   PHEA1269      1      1      1      1      1      1      1      1      1      1      1
   GLYA1270      0      0      0      0      0      0      0      0      0      0      0
   VALA1271      1      1      1      1      1      1      1      1      1      1      1
   LEUA1272      1      1      1      1      1      1      1      1      1      1      1
   LEUA1273      1      1      1      1      1      1      1      1      1      1      1
   TRPA1274      1      1      1      1      1      1      1      1      1      1      1
   GLUA1275      1      1      1      1      1      2      1      3      5      5      5
   LEUA1276      1      1      1      1      1      1      1      1      1      1      1
   META1277      1      1      1      1      1      1      1      1      1      1      1
   THRA1278      1      1      1      1      1      1      1      1      2      2      2
   ARGA1279      1      1      1      1      1      1      1      4      4      4      4
   GLYA1280      0      0      0      0      0      0      0      0      0      0      0
   ALAA1281      1      1      1      1      1      1      1      1      1      1      1
   PROA1282      1      1      1      1      1      1      1      1      1      1      1
   PROA1283      1      1      1      1      1      1      1      1      1      1      1
   TYRA1284      1      1      1      1      1      1      1      2      2      2      2
   PROA1285      1      1      1      1      1      1      1      1      1      1      1
   ASPA1286      1      1      1      1      1      1      1      3      5      5      5
   VALA1287      1      1      1      1      1      1      1      1      1      1      1
   ASNA1288      1      1      2      2      1      1      1      1      1      1      1
   THRA1289      1      1      1      1      1      2      1      1      3      3      3
   PHEA1290      1      1      1      1      1      1      1      1      1      1      1
   ASPA1291      1      1      1      1      1      1      1      3      5      5      5
   ILEA1292      1      1      1      1      1      1      1      1      1      1      1
   THRA1293      1      1      1      1      1      1      1      1      2      2      2
   VALA1294      1      1      1      1      1      1      1      1      1      1      1
   TYRA1295      1      1      1      1      1      1      1      2      3      3      3
   LEUA1296      1      1      1      1      1      1      1      1      1      1      1
   LEUA1297      1      1      1      1      1      1      1      1      1      1      1
   GLNA1298      1      1      2      2      2      2      2      2      2      2      2
   GLYA1299      0      0      0      0      0      0      0      0      0      0      0
   ARGA1300      1      1      1      1      1      1      1      4      5      5      5
   ARGA1301      1      1      1      1      1      1      1      4      5      5      5
   LEUA1302      1      1      1      1      1      1      1      1      1      1      1
   LEUA1303      1      1      1      1      1      1      1      1      1      1      1
   GLNA1304      1      1      2      2      2      4      2      2      2      2      2
   PROA1305      1      1      1      1      1      1      1      1      1      1      1
   GLUA1306      1      1      1      1      1      2      1      3      5      5      5
   TYRA1307      1      1      1      1      1      2      1      2      3      3      2
   CYSA1308      1      1      1      1      1      1      1      2      4      4      4
   PROA1309      1      1      1      1      1      1      1      1      1      1      1
   ASPA1310      1      1      1      1      1      2      2      6     10     10     10
   PROA1311      1      1      1      1      1      1      1      1      1      1      1
   LEUA1312      1      1      1      1      1      1      1      1      1      1      1
   TYRA1313      1      1      1      1      1      1      1      2      3      3      3
   GLUA1314      1      1      1      1      1      1      1      3      5      5      5
   VALA1315      1      1      1      1      1      1      1      1      1      1      1
   META1316      1      1      1      1      1      1      1      1      1      1      1
   LEUA1317      1      1      1      1      1      1      1      1      1      1      1
   LYSA1318      1      1      1      1      1      1      1      2      2      2      2
   CYSA1319      1      1      1      1      1      1      1      2      4      4      4
   TRPA1320      1      1      1      1      1      1      1      1      1      1      1
   HISA1321      1      1      2      2      2      2      2      6      6      6      6
   PROA1322      1      1      1      1      1      1      1      1      1      1      1
   LYSA1323      1      1      1      1      1      1      1      2      2      2      2
   ALAA1324      1      1      1      1      1      1      1      1      1      1      1
   GLUA1325      1      1      1      1      1      1      1      3      5      5      5
   META1326      1      1      1      1      1      1      1      1      1      1      1
   ARGA1327      1      1      1      1      1      1      1      4      6      6      6
   PROA1328      1      1      1      1      1      1      1      1      1      1      1
   SERA1329      1      1      1      1      1      1      1      1      3      3      3
   PHEA1330      1      1      1      1      1      1      1      1      1      1      1
   SERA1331      1      1      1      1      1      1      1      1      2      2      2
   GLUA1332      1      1      1      1      1      1      1      3      5      5      5
   LEUA1333      1      1      1      1      1      1      1      1      1      1      1
   VALA1334      1      1      1      1      1      1      1      1      1      1      1
   SERA1335      1      1      1      1      1      1      1      1      2      2      2
   ARGA1336      1      1      1      1      1      1      1      4      4      4      4
   ILEA1337      1      1      1      1      1      1      1      1      1      1      1
   SERA1338      1      1      1      1      1      1      1      1      2      2      1
   ALAA1339      1      1      1      1      1      1      1      1      1      1      1
   ILEA1340      1      1      1      1      1      1      1      1      1      1      1
   PHEA1341      1      1      1      1      1      1      1      1      1      1      1
   SERA1342      1      1      1      1      1      1      1      1      2      2      2
   THRA1343      1      1      1      1      1      1      1      1      2      2      2
   PHEA1344      1      1      1      1      1      1      1      1      1      1      1
   ILEA1345      1      1      1      1      1      1      1      1      1      1      1
   VGHA2346      1      1      1      1      1      1      1      4      6      6      6
   Total       273    273    303    303    300    330    301    481    606    606    597
