   Rotamer making statitics:
   Residue   Start  Clean   Swap Rotate   Self  Hbond Repack  Ioni.   TorH     OH  Elect
   ASNA0083      1      1      2      2      2      2      2      2      2      2      2
   LEUA0084      1      1      1      1      1      1      1      1      1      1      1
   PHEA0085      1      1      1      1      1      1      1      1      1      1      1
   VALA0086      1      1      1      1      1      1      1      1      1      1      1
   ALAA0087      1      1      1      1      1      1      1      1      1      1      1
   LEUA0088      1      1      1      1      1      1      1      1      1      1      1
   TYRA0089      1      1      1      1      1      1      1      2      2      2      2
   ASPA0090      1      1      1      1      1      1      1      3      5      5      5
   PHEA0091      1      1      1      1      1      1      1      1      1      1      1
   VALA0092      1      1      1      1      1      1      1      1      1      1      1
   ALAA0093      1      1      1      1      1      1      1      1      1      1      1
   SERA0094      1      1      1      1      1      1      1      1      2      2      2
   GLYA0095      0      0      0      0      0      0      0      0      0      0      0
   ASPA0096      1      1      1      1      1      1      1      3      5      5      5
   ASNA0097      1      1      2      2      2      2      2      2      2      2      2
   THRA0098      1      1      1      1      1      1      1      1      2      2      2
   LEUA0099      1      1      1      1      1      1      1      1      1      1      1
   SERA0100      1      1      1      1      1      1      1      1      1      1      1
   ILEA0101      1      1      1      1      1      1      1      1      1      1      1
   THRA0102      1      1      1      1      1      1      1      1      2      2      2
   LYSA0103      1      1      1      1      1      1      1      2      2      2      2
   GLYA0104      0      0      0      0      0      0      0      0      0      0      0
   GLUA0105      1      1      1      1      1      2      1      3      5      5      5
   LYSA0106      1      1      1      1      1      1      1      2      2      2      2
   LEUA0107      1      1      1      1      1      1      1      1      1      1      1
   ARGA0108      1      1      1      1      1      1      1      4      4      4      4
   VALA0109      1      1      1      1      1      1      1      1      1      1      1
   LEUA0110      1      1      1      1      1      1      1      1      1      1      1
   GLYA0111      0      0      0      0      0      0      0      0      0      0      0
   TYRA0112      1      1      1      1      1      1      1      2      3      3      2
   ASNA0113      1      1      2      2      2      2      2      2      2      2      2
   HISA0114      1      1      2      2      2      2      2      6      6      6      6
   ASNA0115      1      1      2      2      2      4      2      2      2      2      2
   GLYA0116      0      0      0      0      0      0      0      0      0      0      0
   GLUA0117      1      1      1      1      1      3      1      3      5      5      5
   TRPA0118      1      1      1      1      1      1      1      1      1      1      1
   CYSA0119      1      1      1      1      1      1      1      2      4      4      4
   GLUA0120      1      1      1      1      1      1      1      3      5      5      5
   ALAA0121      1      1      1      1      1      1      1      1      1      1      1
   GLNA0122      1      1      2      2      2      4      3      3      3      3      3
   THRA0123      1      1      1      1      1      1      1      1      3      3      3
   LYSA0124      1      1      1      1      1      1      1      2      2      2      2
   ASNA0125      1      1      2      2      2      4      2      2      2      2      2
   GLYA0126      0      0      0      0      0      0      0      0      0      0      0
   GLNA0127      1      1      2      2      2      2      2      2      2      2      2
   GLYA0128      0      0      0      0      0      0      0      0      0      0      0
   TRPA0129      1      1      1      1      1      1      1      1      1      1      1
   VALA0130      1      1      1      1      1      1      1      1      1      1      1
   PROA0131      1      1      1      1      1      1      1      1      1      1      1
   SERA0132      1      1      1      1      1      1      1      1      2      2      2
   ASNA0133      1      1      2      2      2      2      2      2      2      2      2
   TYRA0134      1      1      1      1      1      1      1      2      3      3      3
   ILEA0135      1      1      1      1      1      1      1      1      1      1      1
   THRA0136      1      1      1      1      1      1      1      1      2      2      2
   PROA0137      1      1      1      1      1      1      1      1      1      1      1
   VALA0138      1      1      1      1      1      1      1      1      1      1      1
   ASNA0139      1      1      2      2      2      2      2      2      2      2      2
   SERA0140      1      1      1      1      1      2      1      1      3      3      3
   LEUA0141      1      1      1      1      1      1      1      1      1      1      1
   GLUA0142      1      1      1      1      1      1      1      3      5      5      5
   LYSA0143      1      1      1      1      1      1      1      2      2      2      2
   HISA0144      1      1      2      2      2      2      2      6      6      6      6
   SERA0145      1      1      1      1      1      1      1      1      2      2      2
   TRPA0146      1      1      1      1      1      1      1      1      1      1      1
   TYRA0147      1      1      1      1      1      2      1      2      3      3      3
   HISA0148      1      1      2      2      1      1      1      3      3      3      3
   GLYA0149      0      0      0      0      0      0      0      0      0      0      0
   PROA0150      1      1      1      1      1      1      1      1      1      1      1
   VALA0151      1      1      1      1      1      1      1      1      1      1      1
   SERA0152      1      1      1      1      1      2      1      1      2      2      2
   ARGA0153      1      1      1      1      1      1      1      4      4      4      4
   ASNA0154      1      1      2      2      2      2      2      2      2      2      2
   ALAA0155      1      1      1      1      1      1      1      1      1      1      1
   ALAA0156      1      1      1      1      1      1      1      1      1      1      1
   GLUA0157      1      1      1      1      1      3      1      3      5      5      5
   TYRA0158      1      1      1      1      1      1      1      2      3      3      3
   LEUA0159      1      1      1      1      1      1      1      1      1      1      1
   LEUA0160      1      1      1      1      1      1      1      1      1      1      1
   SERA0161      1      1      1      1      1      1      1      1      2      2      2
   SERA0162      1      1      1      1      1      2      1      1      2      2      2
   GLYA0163      0      0      0      0      0      0      0      0      0      0      0
   ILEA0164      1      1      1      1      1      1      1      1      1      1      1
   ASNA0165      1      1      2      2      2      4      2      2      2      2      2
   GLYA0166      0      0      0      0      0      0      0      0      0      0      0
   SERA0167      1      1      1      1      1      1      1      1      2      2      1
   PHEA0168      1      1      1      1      1      1      1      1      1      1      1
   LEUA0169      1      1      1      1      1      1      1      1      1      1      1
   VALA0170      1      1      1      1      1      1      1      1      1      1      1
   ARGA0171      1      1      1      1      1      1      1      4      5      5      5
   GLUA0172      1      1      1      1      1      1      1      3      5      5      5
   SERA0173      1      1      1      1      1      1      1      1      2      2      2
   GLUA0174      1      1      1      1      1      1      1      3      5      5      5
   SERA0175      1      1      1      1      1      1      1      1      2      2      2
   SERA0176      1      1      1      1      1      1      1      1      2      2      2
   PROA0177      1      1      1      1      1      1      1      1      1      1      1
   GLYA0178      0      0      0      0      0      0      0      0      0      0      0
   GLNA0179      1      1      2      2      1      1      1      1      1      1      1
   ARGA0180      1      1      1      1      1      1      1      4      5      5      5
   SERA0181      1      1      1      1      1      1      1      1      1      1      1
   ILEA0182      1      1      1      1      1      1      1      1      1      1      1
   SERA0183      1      1      1      1      1      4      2      2      5      5      5
   LEUA0184      1      1      1      1      1      1      1      1      1      1      1
   ARGA0185      1      1      1      1      1      1      1      4      4      4      4
   TYRA0186      1      1      1      1      1      1      1      2      2      2      2
   GLUA0187      1      1      1      1      1      1      1      3      5      5      5
   GLYA0188      0      0      0      0      0      0      0      0      0      0      0
   ARGA0189      1      1      1      1      1      2      1      4      6      6      6
   VALA0190      1      1      1      1      1      1      1      1      1      1      1
   TYRA0191      1      1      1      1      1      1      1      2      3      3      2
   HISA0192      1      1      2      2      2      5      1      3      3      3      3
   TYRA0193      1      1      1      1      1      1      1      2      3      3      3
   ARGA0194      1      1      1      1      1      1      1      4      6      6      6
   ILEA0195      1      1      1      1      1      1      1      1      1      1      1
   ASNA0196      1      1      2      2      2      2      2      2      2      2      2
   THRA0197      1      1      1      1      1      1      1      1      2      2      2
   ALAA0198      1      1      1      1      1      1      1      1      1      1      1
   SERA0199      1      1      1      1      1      1      1      1      2      2      2
   ASPA0200      1      1      1      1      1      1      1      3      5      5      5
   GLYA0201      0      0      0      0      0      0      0      0      0      0      0
   LYSA0202      1      1      1      1      1      1      1      2      2      2      2
   LEUA0203      1      1      1      1      1      1      1      1      1      1      1
   TYRA0204      1      1      1      1      1      1      1      2      2      2      2
   VALA0205      1      1      1      1      1      1      1      1      1      1      1
   SERA0206      1      1      1      1      1      1      1      1      3      3      3
   SERA0207      1      1      1      1      1      2      2      2      4      4      4
   GLUA0208      1      1      1      1      1      1      1      3      5      5      5
   SERA0209      1      1      1      1      1      2      2      2      6      6      6
   ARGA0210      1      1      1      1      1      1      1      4      5      5      5
   PHEA0211      1      1      1      1      1      1      1      1      1      1      1
   ASNA0212      1      1      2      2      2      2      2      2      2      2      2
   THRA0213      1      1      1      1      1      2      2      2      4      4      4
   LEUA0214      1      1      1      1      1      1      1      1      1      1      1
   ALAA0215      1      1      1      1      1      1      1      1      1      1      1
   GLUA0216      1      1      1      1      1      2      1      3      5      5      5
   LEUA0217      1      1      1      1      1      1      1      1      1      1      1
   VALA0218      1      1      1      1      1      1      1      1      1      1      1
   HISA0219      1      1      2      2      2      2      2      6      6      6      6
   HISA0220      1      1      2      2      2      3      1      3      3      3      3
   HISA0221      1      1      2      2      2      2      2      6      6      6      6
   SERA0222      1      1      1      1      1      1      1      1      2      2      2
   THRA0223      1      1      1      1      1      1      1      1      1      1      1
   VALA0224      1      1      1      1      1      1      1      1      1      1      1
   ALAA0225      1      1      1      1      1      1      1      1      1      1      1
   ASPA0226      1      1      1      1      1      2      1      3      5      5      5
   GLYA0227      0      0      0      0      0      0      0      0      0      0      0
   LEUA0228      1      1      1      1      1      1      1      1      1      1      1
   ILEA0229      1      1      1      1      1      1      1      1      1      1      1
   THRA0230      1      1      1      1      1      1      1      1      2      2      2
   THRA0231      1      1      1      1      1      1      1      1      2      2      2
   LEUA0232      1      1      1      1      1      1      1      1      1      1      1
   HISA0233      1      1      2      2      2      2      2      6      6      6      6
   TYRA0234      1      1      1      1      1      1      1      2      3      3      2
   PROA0235      1      1      1      1      1      1      1      1      1      1      1
   ALAA0236      1      1      1      1      1      1      1      1      1      1      1
   PROA0237      1      1      1      1      1      1      1      1      1      1      1
   LYSA0238      1      1      1      1      1      1      1      2      2      2      2
   ARGA0239      1      1      1      1      1      2      1      4      4      4      4
   ASNA0240      1      1      2      2      2      4      2      2      2      2      2
   LYSA0241      1      1      1      1      1      1      1      2      2      2      2
   PROA0242      1      1      1      1      1      1      1      1      1      1      1
   THRA0243      1      1      1      1      1      1      1      1      2      2      1
   VALA0244      1      1      1      1      1      1      1      1      1      1      1
   TYRA0245      1      1      1      1      1      1      1      2      3      3      2
   GLYA0246      0      0      0      0      0      0      0      0      0      0      0
   VALA0247      1      1      1      1      1      1      1      1      1      1      1
   SERA0248      1      1      1      1      1      1      1      1      3      3      3
   PROA0249      1      1      1      1      1      1      1      1      1      1      1
   ASNA0250      1      1      2      2      2      4      2      2      2      2      2
   TYRA0251      1      1      1      1      1      1      1      2      2      2      2
   ASPA0252      1      1      1      1      1      1      1      3      5      5      5
   LYSA0253      1      1      1      1      1      1      1      2      2      2      2
   TRPA0254      1      1      1      1      1      1      1      1      1      1      1
   GLUA0255      1      1      1      1      1      2      2      6     10     10     10
   META0256      1      1      1      1      1      1      1      1      1      1      1
   GLUA0257      1      1      1      1      1      2      1      3      5      5      5
   ARGA0258      1      1      1      1      1      1      1      4      5      5      5
   THRA0259      1      1      1      1      1      2      2      2      3      3      3
   ASPA0260      1      1      1      1      1      1      1      3      5      5      5
   ILEA0261      1      1      1      1      1      1      1      1      1      1      1
   THRA0262      1      1      1      1      1      1      1      1      1      1      1
   META0263      1      1      1      1      1      1      1      1      1      1      1
   LYSA0264      1      1      1      1      1      1      1      2      2      2      2
   HISA0265      1      1      2      2      2      3      1      3      3      3      3
   LYSA0266      1      1      1      1      1      1      1      2      2      2      2
   LEUA0267      1      1      1      1      1      1      1      1      1      1      1
   GLYA0268      0      0      0      0      0      0      0      0      0      0      0
   GLYA0269      0      0      0      0      0      0      0      0      0      0      0
   GLYA0270      0      0      0      0      0      0      0      0      0      0      0
   GLNA0271      1      1      2      2      2      2      2      2      2      2      2
   TYRA0272      1      1      1      1      1      2      1      2      3      3      3
   GLYA0273      0      0      0      0      0      0      0      0      0      0      0
   GLUA0274      1      1      1      1      1      3      2      6     10     10     10
   VALA0275      1      1      1      1      1      1      1      1      1      1      1
   TYRA0276      1      1      1      1      1      2      2      4      6      6      6
   GLUA0277      1      1      1      1      1      2      1      3      5      5      5
   GLYA0278      0      0      0      0      0      0      0      0      0      0      0
   VALA0279      1      1      1      1      1      1      1      1      1      1      1
   TRPA0280      1      1      1      1      1      1      1      1      1      1      1
   LYSA0281      1      1      1      1      1      1      1      2      2      2      2
   LYSA0282      1      1      1      1      1      1      1      2      2      2      2
   TYRA0283      1      1      1      1      1      1      1      2      3      3      3
   SERA0284      1      1      1      1      1      1      1      1      2      2      2
   LEUA0285      1      1      1      1      1      1      1      1      1      1      1
   THRA0286      1      1      1      1      1      1      1      1      1      1      1
   VALA0287      1      1      1      1      1      1      1      1      1      1      1
   ALAA0288      1      1      1      1      1      1      1      1      1      1      1
   VALA0289      1      1      1      1      1      1      1      1      1      1      1
   LYSA0290      1      1      1      1      1      2      1      2      2      2      2
   THRA0291      1      1      1      1      1      2      2      2      3      3      3
   LEUA0292      1      1      1      1      1      1      1      1      1      1      1
   LYSA0293      1      1      1      1      1      1      1      2      2      2      2
   GLUA0294      1      1      1      1      1      1      1      3      5      5      5
   ASPA0295      1      1      1      1      1      1      1      3      5      5      5
   GLUA0298      1      1      1      1      1      1      1      3      5      5      5
   VALA0299      1      1      1      1      1      1      1      1      1      1      1
   GLUA0300      1      1      1      1      1      1      1      3      5      5      5
   GLUA0301      1      1      1      1      1      1      1      3      5      5      5
   PHEA0302      1      1      1      1      1      1      1      1      1      1      1
   LEUA0303      1      1      1      1      1      1      1      1      1      1      1
   LYSA0304      1      1      1      1      1      1      1      2      2      2      2
   GLUA0305      1      1      1      1      1      2      1      3      5      5      5
   ALAA0306      1      1      1      1      1      1      1      1      1      1      1
   ALAA0307      1      1      1      1      1      1      1      1      1      1      1
   VALA0308      1      1      1      1      1      1      1      1      1      1      1
   META0309      1      1      1      1      1      1      1      1      1      1      1
   LYSA0310      1      1      1      1      1      1      1      2      2      2      2
   GLUA0311      1      1      1      1      1      1      1      3      5      5      5
   ILEA0312      1      1      1      1      1      1      1      1      1      1      1
   LYSA0313      1      1      1      1      1      2      1      2      2      2      2
   HISA0314      1      1      2      2      1      2      1      3      3      3      3
   PROA0315      1      1      1      1      1      1      1      1      1      1      1
   ASNA0316      1      1      2      2      2      2      2      2      2      2      2
   LEUA0317      1      1      1      1      1      1      1      1      1      1      1
   VALA0318      1      1      1      1      1      1      1      1      1      1      1
   GLNA0319      1      1      2      2      2      2      2      2      2      2      2
   LEUA0320      1      1      1      1      1      1      1      1      1      1      1
   LEUA0321      1      1      1      1      1      1      1      1      1      1      1
   GLYA0322      0      0      0      0      0      0      0      0      0      0      0
   VALA0323      1      1      1      1      1      1      1      1      1      1      1
   CYSA0324      1      1      1      1      1      1      1      2      4      4      4
   THRA0325      1      1      1      1      1      2      1      1      2      2      2
   ARGA0326      1      1      1      1      1      1      1      4      4      4      4
   GLUA0327      1      1      1      1      1      2      1      3      5      5      5
   PROA0328      1      1      1      1      1      1      1      1      1      1      1
   PROA0329      1      1      1      1      1      1      1      1      1      1      1
   PHEA0330      1      1      1      1      1      1      1      1      1      1      1
   TYRA0331      1      1      1      1      1      1      1      2      3      3      3
   ILEA0332      1      1      1      1      1      1      1      1      1      1      1
   ILEA0333      1      1      1      1      1      1      1      1      1      1      1
   ILEA0334      1      1      1      1      1      1      1      1      1      1      1
   GLUA0335      1      1      1      1      1      1      1      3      5      5      5
   PHEA0336      1      1      1      1      1      1      1      1      1      1      1
   META0337      1      1      1      1      1      1      1      1      1      1      1
   THRA0338      1      1      1      1      1      2      2      2      5      5      4
   TYRA0339      1      1      1      1      1      1      1      2      3      3      3
   GLYA0340      0      0      0      0      0      0      0      0      0      0      0
   ASNA0341      1      1      2      2      2      4      2      2      2      2      2
   LEUA0342      1      1      1      1      1      1      1      1      1      1      1
   LEUA0343      1      1      1      1      1      1      1      1      1      1      1
   ASPA0344      1      1      1      1      1      1      1      3      5      5      5
   TYRA0345      1      1      1      1      1      2      1      2      3      3      3
   LEUA0346      1      1      1      1      1      1      1      1      1      1      1
   ARGA0347      1      1      1      1      1      1      1      4      4      4      4
   GLUA0348      1      1      1      1      1      1      1      3      5      5      5
   CYSA0349      1      1      1      1      1      1      1      2      4      4      4
   ASNA0350      1      1      2      2      2      2      1      1      1      1      1
   ARGA0351      1      1      1      1      1      1      1      4      4      4      4
   GLNA0352      1      1      2      2      1      1      1      1      1      1      1
   GLUA0353      1      1      1      1      1      1      1      3      5      5      5
   VALA0354      1      1      1      1      1      1      1      1      1      1      1
   ASNA0355      1      1      2      2      2      2      2      2      2      2      2
   ALAA0356      1      1      1      1      1      1      1      1      1      1      1
   VALA0357      1      1      1      1      1      1      1      1      1      1      1
   VALA0358      1      1      1      1      1      1      1      1      1      1      1
   LEUA0359      1      1      1      1      1      1      1      1      1      1      1
   LEUA0360      1      1      1      1      1      1      1      1      1      1      1
   TYRA0361      1      1      1      1      1      1      1      2      3      3      3
   META0362      1      1      1      1      1      1      1      1      1      1      1
   ALAA0363      1      1      1      1      1      1      1      1      1      1      1
   THRA0364      1      1      1      1      1      1      1      1      3      3      3
   GLNA0365      1      1      2      2      2      2      2      2      2      2      2
   ILEA0366      1      1      1      1      1      1      1      1      1      1      1
   SERA0367      1      1      1      1      1      2      2      2      4      4      4
   SERA0368      1      1      1      1      1      1      1      1      2      2      2
   ALAA0369      1      1      1      1      1      1      1      1      1      1      1
   META0370      1      1      1      1      1      1      1      1      1      1      1
   GLUA0371      1      1      1      1      1      1      1      3      5      5      5
   TYRA0372      1      1      1      1      1      1      1      2      3      3      3
   LEUA0373      1      1      1      1      1      1      1      1      1      1      1
   GLUA0374      1      1      1      1      1      1      1      3      5      5      5
   LYSA0375      1      1      1      1      1      1      1      2      2      2      2
   LYSA0376      1      1      1      1      1      1      1      2      2      2      2
   ASNA0377      1      1      2      2      2      2      1      1      1      1      1
   PHEA0378      1      1      1      1      1      1      1      1      1      1      1
   ILEA0379      1      1      1      1      1      1      1      1      1      1      1
   HISA0380      1      1      2      2      1      1      1      3      3      3      3
   ARGA0381      1      1      1      1      1      1      1      4      4      4      4
   ASNA0382      1      1      2      2      2      2      2      2      2      2      2
   LEUA0383      1      1      1      1      1      1      1      1      1      1      1
   ALAA0384      1      1      1      1      1      1      1      1      1      1      1
   ALAA0385      1      1      1      1      1      1      1      1      1      1      1
   ARGA0386      1      1      1      1      1      1      1      4      4      4      4
   ASNA0387      1      1      2      2      2      2      2      2      2      2      2
   CYSA0388      1      1      1      1      1      1      1      2      4      4      4
   LEUA0389      1      1      1      1      1      1      1      1      1      1      1
   VALA0390      1      1      1      1      1      1      1      1      1      1      1
   GLYA0391      0      0      0      0      0      0      0      0      0      0      0
   GLUA0392      1      1      1      1      1      1      1      3      5      5      5
   ASNA0393      1      1      2      2      2      2      2      2      2      2      2
   HISA0394      1      1      2      2      2      4      1      3      3      3      3
   LEUA0395      1      1      1      1      1      1      1      1      1      1      1
   VALA0396      1      1      1      1      1      1      1      1      1      1      1
   LYSA0397      1      1      1      1      1      1      1      2      2      2      2
   VALA0398      1      1      1      1      1      1      1      1      1      1      1
   ALAA0399      1      1      1      1      1      1      1      1      1      1      1
   ASPA0400      1      1      1      1      1      1      1      3      5      5      5
   PHEA0401      1      1      1      1      1      1      1      1      1      1      1
   PHEA0420      1      1      1      1      1      1      1      1      1      1      1
   PROA0421      1      1      1      1      1      1      1      1      1      1      1
   ILEA0422      1      1      1      1      1      1      1      1      1      1      1
   LYSA0423      1      1      1      1      1      1      1      2      2      2      2
   TRPA0424      1      1      1      1      1      1      1      1      1      1      1
   THRA0425      1      1      1      1      1      1      1      1      2      2      2
   ALAA0426      1      1      1      1      1      1      1      1      1      1      1
   PROA0427      1      1      1      1      1      1      1      1      1      1      1
   GLUA0428      1      1      1      1      1      2      1      3      5      5      5
   SERA0429      1      1      1      1      1      1      1      1      3      3      3
   LEUA0430      1      1      1      1      1      1      1      1      1      1      1
   ALAA0431      1      1      1      1      1      1      1      1      1      1      1
   TYRA0432      1      1      1      1      1      1      1      2      2      2      2
   ASNA0433      1      1      2      2      2      2      2      2      2      2      2
   LYSA0434      1      1      1      1      1      1      1      2      2      2      2
   PHEA0435      1      1      1      1      1      1      1      1      1      1      1
   SERA0436      1      1      1      1      1      1      1      1      2      2      2
   ILEA0437      1      1      1      1      1      1      1      1      1      1      1
   LYSA0438      1      1      1      1      1      1      1      2      2      2      2
   SERA0439      1      1      1      1      1      1      1      1      3      3      3
   ASPA0440      1      1      1      1      1      1      1      3      5      5      5
   VALA0441      1      1      1      1      1      1      1      1      1      1      1
   TRPA0442      1      1      1      1      1      1      1      1      1      1      1
   ALAA0443      1      1      1      1      1      1      1      1      1      1      1
   PHEA0444      1      1      1      1      1      1      1      1      1      1      1
   GLYA0445      0      0      0      0      0      0      0      0      0      0      0
   VALA0446      1      1      1      1      1      1      1      1      1      1      1
   LEUA0447      1      1      1      1      1      1      1      1      1      1      1
   LEUA0448      1      1      1      1      1      1      1      1      1      1      1
   TRPA0449      1      1      1      1      1      1      1      1      1      1      1
   GLUA0450      1      1      1      1      1      1      1      3      5      5      5
   ILEA0451      1      1      1      1      1      1      1      1      1      1      1
   ALAA0452      1      1      1      1      1      1      1      1      1      1      1
   THRA0453      1      1      1      1      1      1      1      1      2      2      2
   TYRA0454      1      1      1      1      1      1      1      2      3      3      3
   GLYA0455      0      0      0      0      0      0      0      0      0      0      0
   META0456      1      1      1      1      1      1      1      1      1      1      1
   SERA0457      1      1      1      1      1      2      2      2      4      4      4
   PROA0458      1      1      1      1      1      1      1      1      1      1      1
   TYRA0459      1      1      1      1      1      1      1      2      2      2      2
   PROA0460      1      1      1      1      1      1      1      1      1      1      1
   GLYA0461      0      0      0      0      0      0      0      0      0      0      0
   ILEA0462      1      1      1      1      1      1      1      1      1      1      1
   ASPA0463      1      1      1      1      1      2      2      6     10     10     10
   LEUA0464      1      1      1      1      1      1      1      1      1      1      1
   SERA0465      1      1      1      1      1      1      1      1      2      2      2
   GLNA0466      1      1      2      2      2      2      2      2      2      2      2
   VALA0467      1      1      1      1      1      1      1      1      1      1      1
   TYRA0468      1      1      1      1      1      1      1      2      3      3      3
   GLUA0469      1      1      1      1      1      1      1      3      5      5      5
   LEUA0470      1      1      1      1      1      1      1      1      1      1      1
   LEUA0471      1      1      1      1      1      1      1      1      1      1      1
   GLUA0472      1      1      1      1      1      1      1      3      5      5      5
   LYSA0473      1      1      1      1      1      1      1      2      2      2      2
   ASPA0474      1      1      1      1      1      1      1      3      5      5      5
   TYRA0475      1      1      1      1      1      1      1      2      2      2      2
   ARGA0476      1      1      1      1      1      1      1      4      5      5      5
   META0477      1      1      1      1      1      1      1      1      1      1      1
   GLUA0478      1      1      1      1      1      1      1      3      5      5      5
   ARGA0479      1      1      1      1      1      1      1      4      4      4      4
   PROA0480      1      1      1      1      1      1      1      1      1      1      1
   GLUA0481      1      1      1      1      1      1      1      3      5      5      5
   GLYA0482      0      0      0      0      0      0      0      0      0      0      0
   CYSA0483      1      1      1      1      1      1      1      2      4      4      4
   PROA0484      1      1      1      1      1      1      1      1      1      1      1
   GLUA0485      1      1      1      1      1      1      1      3      5      5      5
   LYSA0486      1      1      1      1      1      1      1      2      2      2      2
   VALA0487      1      1      1      1      1      1      1      1      1      1      1
   TYRA0488      1      1      1      1      1      2      1      2      3      3      3
   GLUA0489      1      1      1      1      1      1      1      3      5      5      5
   LEUA0490      1      1      1      1      1      1      1      1      1      1      1
   META0491      1      1      1      1      1      1      1      1      1      1      1
   ARGA0492      1      1      1      1      1      2      1      4      5      5      5
   ALAA0493      1      1      1      1      1      1      1      1      1      1      1
   CYSA0494      1      1      1      1      1      1      1      2      4      4      4
   TRPA0495      1      1      1      1      1      1      1      1      1      1      1
   GLNA0496      1      1      2      2      2      2      2      2      2      2      2
   TRPA0497      1      1      1      1      1      1      1      1      1      1      1
   ASNA0498      1      1      2      2      2      2      2      2      2      2      2
   PROA0499      1      1      1      1      1      1      1      1      1      1      1
   SERA0500      1      1      1      1      1      1      1      1      3      3      1
   ASPA0501      1      1      1      1      1      1      1      3      5      5      5
   ARGA0502      1      1      1      1      1      1      1      4      6      6      6
   PROA0503      1      1      1      1      1      1      1      1      1      1      1
   SERA0504      1      1      1      1      1      2      2      2      5      5      5
   PHEA0505      1      1      1      1      1      1      1      1      1      1      1
   ALAA0506      1      1      1      1      1      1      1      1      1      1      1
   GLUA0507      1      1      1      1      1      1      1      3      5      5      5
   ILEA0508      1      1      1      1      1      1      1      1      1      1      1
   HISA0509      1      1      2      2      2      3      2      6      6      6      6
   GLNA0510      1      1      2      2      2      2      2      2      2      2      2
   ALAA0511      1      1      1      1      1      1      1      1      1      1      1
   PHEA0512      1      1      1      1      1      1      1      1      1      1      1
   GLUA0513      1      1      1      1      1      2      1      3      5      5      5
   THRA0514      1      1      1      1      1      1      1      1      2      2      2
   META0515      1      1      1      1      1      1      1      1      1      1      1
   PHEA0516      1      1      1      1      1      1      1      1      1      1      1
   GLNA0517      1      1      2      2      2      2      2      2      2      2      2
   GLUA0518      1      1      1      1      1      1      1      3      5      5      5
   SERA0519      1      1      1      1      1      1      1      1      2      2      2
   SERA0520      1      1      1      1      1      1      1      1      3      3      2
   ILEA0521      1      1      1      1      1      1      1      1      1      1      1
   SERA0522      1      1      1      1      1      1      1      1      2      2      1
   ASPA0523      1      1      1      1      1      2      2      6     10     10     10
   GLUA0524      1      1      1      1      1      1      1      3      5      5      5
   VALA0525      1      1      1      1      1      1      1      1      1      1      1
   GLUA0526      1      1      1      1      1      1      1      3      5      5      5
   LYSA0527      1      1      1      1      1      1      1      2      2      2      2
   GLUA0528      1      1      1      1      1      2      1      3      5      5      5
   LEUA0529      1      1      1      1      1      1      1      1      1      1      1
   GLYA0530      0      0      0      0      0      0      0      0      0      0      0
   LYSA0531      1      1      1      1      1      1      1      2      2      2      2
   NILA0601      1      1      1      1      1      1      1      3     12     12     12
   Total       403    403    450    450    445    513    455    730    971    971    960
